164.12033229496865,220.91454341669726,156.82888461689492,15,1.52,0
-19.55286642304941,220.528005138661,102.86741139543778,15,1.52,0
-100.9254415878413,73.31120926272206,80.20933561481672,15,1.52,0
-43.83949219026624,225.64151598306591,235.89678554616034,15,1.52,0
-132.48591783516508,-12.93950230942994,89.1047613129266,15,1.52,0
175.51085086189437,-11.377420850671001,174.78570435389713,15,1.52,0
70.95230444038589,-123.79469537056275,233.79263818883908,15,1.52,0
-53.00820504453577,-228.4775771570778,163.11659078575678,15,1.52,0
-170.75320653287633,230.35196119201294,370.7173082615767,15,1.52,0
-67.71978274998071,-48.83718850029163,272.2615169495567,15,1.52,0
38.49874795420101,90.02512886895181,11.36067094172472,11.359999999999971,1.52,0
237.67281305356278,-51.79201760625301,201.89373499031353,15,1.52,0
-119.61417988538915,116.94174831696773,398.51899553460225,15,1.52,0
-55.76928111228392,14.082528193625762,92.73814708839302,15,1.52,0
-165.78439228315813,-60.46353852628829,359.39263902355833,15,1.52,0
16.159079166939023,64.33151901926442,39.8805684582976,13.049999999999935,1.52,0
1.271557681505442,232.2778566942336,215.82813249100911,14.809999999999897,1.52,0
-102.8414725511642,105.20215654975323,247.15622034497858,15,1.52,0
-159.2700196885594,-220.59659707817036,377.9767830556757,15,1.52,0
-199.24904222886698,-213.4025445420358,28.412782453657428,15,1.52,0
80.39097292224221,50.62702926136342,496.7900259562815,15,1.52,0
-166.91117531228588,144.66309278718575,80.52611079496046,15,1.52,0
-40.32162195344176,12.469956794305517,262.32241410366464,15,1.52,0
94.58762352846384,167.32463493052558,279.1185282298218,15,1.52,0
8.98248544214755,210.0084480744399,285.6659478339043,15,1.52,0
-77.80430631610716,231.10260874169762,12.717814638839968,12.709999999999942,1.52,0
-41.24922973790399,49.70361086889545,402.88490171280625,15,1.52,0
106.396477842575,91.99248164593905,123.84772613758253,15,1.52,0
206.01419543699012,-165.6803408697118,139.78799815244452,15,1.52,0
225.2419796762798,-235.4515535269827,416.555124908429,15,1.52,0
59.64265628445196,-49.244008312298774,173.98026569142075,15,1.52,0
136.26145058661757,-25.221135690973142,43.83145967958296,15,1.52,0
18.629867772563102,186.79835130033496,362.3131769690724,15,1.52,0
27.030339712833438,234.44584979394097,52.607201329865575,15,1.52,0
-171.85841240849766,-231.60887231148422,157.11159722351363,15,1.52,0
37.0053366018393,222.15746175238144,244.86291694153465,12.32999999999995,1.52,0
95.8214250982179,227.65442760753956,441.4449163696121,15,1.52,0
214.7954961760173,192.81521872962787,316.62045794995106,15,1.52,0
-165.78165740054226,-107.82666176284022,418.6019111284028,15,1.52,0
-40.62488152513515,238.56740134019287,323.6594384131213,15,1.52,0
219.93943676805407,146.3898632801944,206.39033602945221,15,1.52,0
-104.48071914707054,166.08685302039828,100.46213792451158,15,1.52,0
-65.58769518559905,-72.31319913448249,69.32373959791346,15,1.52,0
146.27726372875816,161.87806593823427,425.59715583871844,15,1.52,0
63.904883339866274,-223.03495138499557,155.6579442882421,15,1.52,0
-134.73734258301124,-22.03338490596809,427.58896578977783,15,1.52,0
192.40852380242393,55.90055419175087,423.94657331528754,15,1.52,0
129.66256925326581,132.6041148609811,287.9804414258208,15,1.52,0
87.31969597272666,9.511146684102869,206.11671648116874,15,1.52,0
-238.82068363472365,-179.83231888966804,25.50690514169503,15,1.52,0
-149.70311738224154,-147.71929555659665,181.24147644175935,15,1.52,0
236.94764994218394,-66.84433552563928,325.79535151946106,15,1.52,0
-69.05728344326428,-131.85575069702043,447.97910990542334,15,1.52,0
-20.435607880363023,-175.05693153415393,143.03540663810622,15,1.52,0
69.1050294502354,-24.20742251261197,60.7481573146415,15,1.52,0
55.933286262630645,46.102543508476174,226.08560131551133,15,1.52,0
19.271327887767598,-197.54260883971585,79.84061895672573,15,1.52,0
-229.84117322661177,-185.92413092550714,182.67117054026153,15,1.52,0
-67.33116768859861,-27.481111703335614,159.92098328658335,15,1.52,0
-205.0386875154412,233.83835658947112,500.05426587795887,11.939999999999959,1.52,0
201.98736049594277,7.202246995175301,209.54657355163135,12.479999999999947,1.52,0
3.1250864978728714,-15.021815977330789,178.05655692002017,15,1.52,0
-211.4878408353884,124.35668597668484,177.734676527283,15,1.52,0
152.56836956284394,-77.07026341416963,251.8859197636432,15,1.52,0
162.4644750924998,-57.06934744364139,357.8329469325664,15,1.52,0
-232.12678441613753,171.60639493096187,335.29318083049304,15,1.52,0
-210.53751258265595,-31.9997708509502,253.3397274170792,15,1.52,0
-150.68956135515862,59.37486830644366,316.5579965854961,15,1.52,0
-17.985384723837456,160.91419820837575,286.1515599265085,15,1.52,0
-177.60925955139055,-21.855433902339996,213.70802139681314,15,1.52,0
-237.38695752030435,-136.608438455532,152.46212739436692,15,1.52,0
13.46630506466488,-12.48280638188919,76.63768605188147,15,1.52,0
-14.747366141683074,155.09286963382954,423.8725830953299,15,1.52,0
29.05112096932055,-76.0717152061136,112.85039880584861,15,1.52,0
198.2034002544317,-80.82656553335892,208.3772498929536,14.419999999999906,1.52,0
-202.29926552958807,211.13979506681926,275.8047167502083,15,1.52,0
227.94474575323375,136.75508505400433,475.1458644969189,15,1.52,0
160.98571623507496,114.22616694907458,13.009426090723423,12.999999999999936,1.52,0
-98.0562168608086,232.06486426439517,325.85272791793943,15,1.52,0
100.37942992702597,108.42235221435999,190.3114230942449,15,1.52,0
-45.44456280895531,25.556594719092914,35.99004852672033,15,1.52,0
23.229253445348604,128.5551362378842,78.12063141634133,15,1.52,0
227.32184383389506,-57.77083069506284,392.82051631543675,15,1.52,0
-133.81496206572479,229.5970044880919,267.2837702035347,15,1.52,0
-240.5338476117131,-241.2203661236474,126.51667776169768,14.769999999999898,1.52,0
-155.22771972121166,-2.8655730022217085,151.54632740295563,15,1.52,0
189.45975272669773,-18.183389770367285,380.5906424760527,15,1.52,0
-174.59886201278437,227.3289098653887,435.0344850097589,15,1.52,0
-42.75168673011535,-65.12876103339522,395.2281457012484,15,1.52,0
-114.10132694058916,61.03082988926235,369.9471055359003,15,1.52,0
-227.23358165272703,-120.99758293144953,491.87742425710655,15,1.52,0
43.71009151148246,-62.29864479288153,56.243829992065116,10.999999999999979,1.52,0
-239.91433982902038,68.78947220814132,495.0338969044101,15,1.52,0
131.40823849028743,-219.05754750158326,277.23537285874113,15,1.52,0
178.60267679012816,-179.17813355278122,414.1115227138491,15,1.52,0
91.751786357936,-142.55118695716737,419.16255302522063,15,1.52,0
-153.23224775534925,-83.82124593844082,57.37893528126915,15,1.52,0
-115.73518429644423,6.4940154532177985,325.14681423871286,15,1.52,0
152.25908983944112,-46.153807074281076,92.87912243388098,15,1.52,0
98.97839210317306,49.470706402030714,360.62845553561806,15,1.52,0
-226.88633410998432,-190.79705224393297,121.29199664481541,15,1.52,0
-177.51762509237437,-222.61590310002248,498.85795948036764,13.139999999999933,1.52,0
231.5098939219439,208.59075233996919,75.2627711700859,15,1.52,0
96.21599000422293,184.18748022105876,367.2535924130109,15,1.52,0
-2.934321105628669,-178.10547260006285,296.8405027554194,15,1.52,0
153.50902337737796,19.505477509541606,350.9376779736035,15,1.52,0
198.08547347572835,-2.218789594343889,64.19743297996285,15,1.52,0
189.3218689743943,230.45727861905846,430.2725207072657,15,1.52,0
85.59469958058901,-69.24883256955059,119.53624258272248,15,1.52,0
225.45518072112634,-87.57294230787295,498.19600619904804,13.799999999999919,1.52,0
-18.850436091530128,244.81151893840945,499.52425890383745,11.179999999999975,1.52,0
-131.26499987131456,69.81484352530094,500.6259400602722,11.36999999999997,1.52,0
176.13432042753993,-113.78851537852654,366.30573467658996,15,1.52,0
148.7066789625677,-180.60550861145714,210.19400189878138,15,1.52,0
81.20283332600161,64.2680324863253,287.16903857712134,15,1.52,0
-4.493074264274924,109.39095422070943,455.29834957862465,15,1.52,0
-190.17251825520816,159.69739069696163,410.66706142363216,15,1.52,0
92.18375697325405,-173.97184508918144,277.63922447483606,15,1.52,0
152.641695080889,-144.22494745419885,50.138805176435994,15,1.52,0
24.12765583131329,71.36554988739874,267.2815346964778,15,1.52,0
-39.77146671007836,-152.29859295396204,277.5061543028619,13.949999999999916,1.52,0
20.699108898809982,44.216710688577336,338.5668156242541,15,1.52,0
-149.79029609366262,70.86033661918714,84.44023044114317,14.099999999999913,1.52,0
130.84547620474325,-86.39308176028487,142.7823378499544,15,1.52,0
38.111419833985906,-83.32742256287861,343.2929952123318,15,1.52,0
157.32178958770749,-147.60129851145518,440.4049770027151,11.269999999999973,1.52,0
-104.46071210702394,-138.83485883096296,391.5375181630442,15,1.52,0
85.91200724726514,242.0522804772056,140.82007351039067,13.939999999999916,1.52,0
159.92806639602452,238.79403662293328,232.63923949250216,15,1.52,0
-172.33003738341836,-38.6595952066732,102.32400282382685,14.22999999999991,1.52,0
-209.03233123468158,80.71121502830385,25.207074100192813,15,1.52,0
-176.01388472329165,-181.88512839926352,218.91976535805838,15,1.52,0
25.262070859438268,24.80471365456924,387.99266081444716,15,1.52,0
187.19189116072937,-169.7667701034129,254.05752790202587,15,1.52,0
43.07147936882609,153.70670071905658,118.4850088184877,15,1.52,0
-8.49971203720952,35.517893179301836,187.94102286758948,15,1.52,0
123.31356467538649,-161.7304803259974,484.4078599793172,15,1.52,0
-40.72613809346001,-91.0190165429143,309.59604718051025,15,1.52,0
-123.6522496666405,105.69771867424026,30.02490090448339,15,1.52,0
131.53208032133898,-93.23064316358102,472.1445609821594,15,1.52,0
207.35372039478716,-102.46842778121527,260.8502295071295,15,1.52,0
-164.98395462827318,49.669324691531074,208.11772855456582,15,1.52,0
-6.9059795538637445,-236.11067526748934,321.4469982227546,15,1.52,0
-16.18597361624336,184.5699123254342,219.9554305922885,15,1.52,0
-87.59540426623289,-116.00399870529407,323.78055958387495,15,1.52,0
-91.3545203027818,125.5968114527002,341.03285362825284,15,1.52,0
78.96384887678755,217.9860155594978,326.1446477396404,15,1.52,0
-146.7754382940825,190.9384094692556,57.53960922525789,15,1.52,0
-61.74662399743852,-82.38426693140275,16.591689978818295,15,1.52,0
31.39537458852567,120.77705278440567,170.17836923071025,15,1.52,0
-78.99818755134243,97.88670287242724,45.06957983397274,12.759999999999941,1.52,0
-149.61349027538893,187.58227502092245,480.4102842351954,15,1.52,0
-228.9570235055097,-228.62512585659977,361.80070228504644,15,1.52,0
86.22320993736548,-68.72184697401065,349.56276523273607,15,1.52,0
-101.79682959437628,205.49524055152222,226.828543379194,15,1.52,0
87.26396834621244,-229.15001066781304,100.83597294086769,15,1.52,0
-232.1368282049126,126.39425819282235,29.01528444616497,15,1.52,0
22.28893749267968,-152.79048389232537,97.04635816402799,13.039999999999935,1.52,0
-134.35158646998957,207.05061325400652,337.50460519315027,10.589999999999987,1.52,0
168.8481204903369,-213.2587638024438,478.7445789400995,15,1.52,0
-48.55416161496203,-60.43378229589564,213.53878324256607,15,1.52,0
-135.9111540518519,154.98555999480914,442.7409162929663,15,1.52,0
45.02060094695344,32.06590934493272,77.35010532114973,15,1.52,0
-157.64854117419395,-157.62799675721533,462.9383486467216,15,1.52,0
-203.7294434408667,-171.4035131720691,77.62280812984727,15,1.52,0
24.618273338156882,-165.6239858178866,200.96702695319823,15,1.52,0
-197.07090276742156,25.235165971383253,110.31235666505688,15,1.52,0
45.42115076572611,-196.07398593572555,477.16481920163835,15,1.52,0
-80.06923566314197,-113.50396767528275,49.430360912581136,12.979999999999936,1.52,0
241.60303150325387,56.83378857473417,431.3493468864349,14.389999999999906,1.52,0
-184.9701440645449,2.2988550276647857,454.93483014630056,15,1.52,0
-222.76562558748833,-143.6304037930404,327.9417446350501,15,1.52,0
186.55366672700143,201.8395143348016,363.5958586651333,15,1.52,0
-179.19998816607642,149.25721139325287,288.76638713934574,15,1.52,0
159.83035782777313,-129.48014049701715,293.936607926478,15,1.52,0
-84.76507755072441,-244.0058129813367,481.9140397510746,11.989999999999958,1.52,0
28.47518806819619,237.38199054539973,488.21927179405793,15,1.52,0
-101.64299447666087,47.55037000864445,310.1756138781458,10.90999999999998,1.52,0
-218.3950123512243,142.06727953611255,81.51092458226606,15,1.52,0
-3.797328516376524,157.99191859949713,27.753035790509443,15,1.52,0
-243.03523125729305,-53.71048385083168,38.1838036270492,12.959999999999937,1.52,0
222.92303780532404,-140.3454652227656,352.4487549336418,15,1.52,0
40.89466037644843,-219.99785082449455,332.461067268178,15,1.52,0
67.21322539268158,226.5946786283987,16.676962019738994,15,1.52,0
112.25758391082059,107.2067274865118,60.2974900273706,15,1.52,0
9.087047389779968,-8.864570323229486,467.4129692752108,15,1.52,0
-115.3434189373263,-20.935522097533976,32.59320916956358,15,1.52,0
132.50089443056322,237.42707174754628,279.98710609316265,15,1.52,0
-173.46732615224357,100.8463174909798,375.21192185868654,15,1.52,0
-228.0421132911698,-25.159620990544,452.4115974061348,15,1.52,0
-93.69909983196237,-114.64139863716196,227.0380492356502,15,1.52,0
-104.46395947249005,-149.2870447383135,75.2227389844013,15,1.52,0
-210.3589721620482,-188.91456551071178,310.1174727305198,15,1.52,0
128.19423684083654,-192.88217681267827,21.630116767251593,15,1.52,0
223.74639761465414,-73.52034039588182,67.23726265901121,15,1.52,0
131.63304124362287,138.17981386315137,376.14542980921567,15,1.52,0
-172.88322054283583,-135.81673203845185,222.95046874894524,11.349999999999971,1.52,0
-133.85025091592695,50.61443003102954,258.4886563749209,15,1.52,0
-209.95983518193714,16.945441785179128,270.9943294554597,15,1.52,0
-232.73363117527822,242.26208826733045,378.5337714625043,13.72999999999992,1.52,0
-50.8309140586548,110.72311744859587,146.48764633308917,15,1.52,0
11.856743593206033,-242.68575955604194,406.64106943446654,13.30999999999993,1.52,0
194.1249648293583,-105.32340887180658,421.73538029852205,15,1.52,0
-127.53109417170197,-87.55247703860095,103.00147426637398,15,1.52,0
94.5852153724901,-167.84320181447072,378.2264552733558,13.199999999999932,1.52,0
-218.70079418883654,92.42447509025658,346.3342327424873,15,1.52,0
-147.4960810280287,81.45100112608475,129.49584156834635,12.239999999999952,1.52,0
-38.689435818899824,90.63113405029037,488.16554019073794,15,1.52,0
-196.31821466793656,-241.94295441191366,104.9981190411155,14.049999999999914,1.52,0
-154.95180349802865,-1.6191888648725126,282.13206497424244,15,1.52,0
236.13952106057775,60.51110321294675,189.32734464982923,15,1.52,0
118.27816672200845,198.3297134937983,17.907978294163968,15,1.52,0
237.11017587861204,-126.70197945431096,87.45316256805938,15,1.52,0
-48.17281938275062,-218.67094639686252,350.71336986919937,15,1.52,0
12.21749968722122,151.80850792261663,464.2651762640951,11.459999999999969,1.52,0
198.74998385657204,72.62420099326141,327.2083674767737,15,1.52,0
-140.03487346966597,-169.05982235770398,119.57343513769547,15,1.52,0
-16.451031203520984,-194.35966545720783,417.72489781240836,15,1.52,0
163.52887721258594,94.89127693831199,253.7097779319231,15,1.52,0
-202.53742716873967,231.58798782026327,100.82939794116658,15,1.52,0
-205.69344657437694,-83.4367827026856,313.57664958272153,15,1.52,0
146.95672702397587,-242.5427658473276,160.14481349486766,13.449999999999926,1.52,0
-84.91017517834837,239.4872811664403,397.7814571424085,15,1.52,0
118.62723588900838,55.64304505721145,463.1966417089493,15,1.52,0
-93.59706282199875,23.297329630725017,439.68157989048257,15,1.52,0
108.83459088671384,41.25772277403405,99.32812961959166,15,1.52,0
-128.6406418764867,220.49375311165306,158.39078489004874,15,1.52,0
127.25234462386618,-240.30601420367225,459.0133891044636,15,1.52,0
169.53400960311865,-64.39975391968403,408.427263079661,14.559999999999903,1.52,0
-56.09155653564642,23.743050602951712,181.37882676285142,14.459999999999905,1.52,0
-245.2330823907398,86.38781944478785,72.42111453995437,10.759999999999984,1.52,0
-0.375434972261246,-80.01672553122955,452.2760491533402,15,1.52,0
-158.6636855945933,-54.74398096788184,468.7283778999408,15,1.52,0
229.35159213908616,-199.16583142155366,494.7735656841746,15,1.52,0
-156.55506260575135,111.4883693205993,333.86664602985627,10.91999999999998,1.52,0
-29.65716402058183,75.12854009235366,68.519895309086,15,1.52,0
-128.00580928371892,-53.37248515094177,296.7408330309448,15,1.52,0
82.73262603883586,-136.5468733971519,183.00230631955606,15,1.52,0
-122.5210068817006,158.90930060957487,175.01634843227362,15,1.52,0
-240.8088047962542,-4.310745576501176,337.5137830988931,15,1.52,0
163.52276727136064,-131.9567091403312,233.6140506356545,14.059999999999913,1.52,0
-107.26940903933883,7.100264817327343,386.7941304934925,15,1.52,0
242.81920483147087,0.801171691635659,24.74776967043431,13.179999999999932,1.52,0
94.22485117232816,-56.720595073597224,409.3279419155738,15,1.52,0
-157.40987437786316,-189.49451526743917,420.6767431177906,15,1.52,0
-143.36750524619106,-85.1148835501358,211.53558466306413,15,1.52,0
-231.3457579343427,-242.88111590200492,415.08036931489653,13.109999999999934,1.52,0
37.17957514851673,-218.3887666799743,285.5023228161026,12.129999999999955,1.52,0
-77.30946222845046,62.73469752660765,150.50656444473543,15,1.52,0
-121.7081548609541,67.7468056027983,162.0534399612785,11.139999999999976,1.52,0
185.39504460353862,217.99622785918655,63.41871260905805,13.529999999999925,1.52,0
-238.55555500650917,24.357755988061967,134.94731329024398,13.24999999999993,1.52,0
48.25160776529958,138.59784652816074,481.824687366444,10.739999999999984,1.52,0
180.3656576982405,104.44309210765971,117.21938050757092,15,1.52,0
-59.74633518807718,153.7552254304835,307.321119168417,12.35999999999995,1.52,0
93.98177132360615,136.21531985822003,410.28470796568297,15,1.52,0
162.01552259246455,5.137239818627677,448.13438117640624,15,1.52,0
-182.53770298161726,-49.42781737143764,170.12213682902075,15,1.52,0
132.45483028580827,215.67880174819072,401.72185544729314,15,1.52,0
-203.0074292576711,69.10455255301054,290.5799660012615,15,1.52,0
10.25545279425478,-195.82981356113805,25.600561136295028,15,1.52,0
-162.61060288483372,-199.48208838380197,316.34842988766115,14.289999999999909,1.52,0
-195.2693109036569,-107.3187994599001,139.01898611425202,15,1.52,0
225.45593248215914,55.37531627006365,267.10949290209044,15,1.52,0
154.3021133175829,-206.51304242867366,73.4734461643244,15,1.52,0
31.277009655519237,-175.01442365558285,392.4755487161435,15,1.52,0
227.763208213707,-200.96787785107927,249.8560805901492,15,1.52,0
231.46567268867545,207.8783208487016,277.5668102534868,10.049999999999999,1.52,0
-2.3726370029198733,-58.545411704046614,43.59271469870373,15,1.52,0
-180.51157693629295,110.36178764240151,209.13464212578117,11.269999999999973,1.52,0
136.99273520386828,-237.59305530961979,45.15892693326941,10.45999999999999,1.52,0
126.72227033344961,59.403915697283196,193.2503820209423,15,1.52,0
230.55006268673208,-97.34666203791244,159.18816841907062,15,1.52,0
-100.29023961109533,-55.75808555373351,123.86810783589567,11.769999999999962,1.52,0
68.39354941624856,-75.93075235394565,259.3795455791194,15,1.52,0
-198.06196421365314,-51.43451046881762,13.518096076432812,13.509999999999925,1.52,0
-44.33820295831936,-129.52002737019382,133.89856436379034,15,1.52,0
216.419163223306,-148.28652307609673,480.5379738009241,15,1.52,0
184.81393763145581,156.17967472522776,103.79352607884994,15,1.52,0
-83.45253474544575,-62.212462120231635,312.47776284802694,10.199999999999996,1.52,0
48.50874131481589,135.7831328812723,361.0491292805232,15,1.52,0
-51.33880204807133,-158.27246807551535,194.6869640038085,15,1.52,0
-67.5475004462429,-39.14871965688212,441.04229326586085,15,1.52,0
166.0823602409131,207.91161548653042,23.562270933555396,11.88999999999996,1.52,0
-242.74023948412514,209.29473251427703,205.62430019219823,13.24999999999993,1.52,0
-120.988537330761,167.71355976709242,384.21980673659993,15,1.52,0
-138.8511864352521,13.241423623364426,472.7835885081155,15,1.52,0
-66.59027785222725,186.74173418566033,263.1752930848784,15,1.52,0
-97.87578921831937,81.4563837382982,445.796095207426,15,1.52,0
108.2414971928165,199.3194325151445,205.92322999243618,15,1.52,0
237.76803296502874,-243.28707353824723,359.3404090580482,12.709999999999942,1.52,0
74.2669107491505,-151.93352448829125,115.86612910427232,15,1.52,0
-235.78498963378058,-70.10923795847532,109.2347031753767,15,1.52,0
-213.43563980881424,175.84430950945568,49.59264241119831,11.729999999999963,1.52,0
-87.10427054139939,-171.97659061163813,486.55357959256173,15,1.52,0
72.41958557254384,-128.89615416707954,375.1920852960528,11.709999999999964,1.52,0
-114.20428205410485,-84.82323513688243,343.3520948573821,10.419999999999991,1.52,0
61.807457175646846,-21.39256285916167,292.8686813766816,15,1.52,0
212.19626520719964,205.30828869819993,223.2351920907006,15,1.52,0
-218.84908398010361,140.23875309897267,136.12045681744007,10.139999999999997,1.52,0
-177.81103433215708,15.720161388761312,61.335372551006,15,1.52,0
67.95696867527727,-128.4546804526957,475.41000069260554,15,1.52,0
106.2152956522192,-48.02415482402955,498.9415387208993,13.049999999999935,1.52,0
-48.074457575731,172.20154379546398,39.50565390226802,12.959999999999937,1.52,0
31.578371031446636,140.4018443180181,275.26591500201494,15,1.52,0
-80.51152987798571,-235.40162174360376,266.9845486993247,15,1.52,0
-47.84468902725541,-71.89598748302399,134.57815345066592,15,1.52,0
-134.4592862815415,101.20628851664571,204.26189625130564,15,1.52,0
143.928725516795,86.2443765245672,326.10362622590765,15,1.52,0
-228.28320174501266,-64.87298935038746,409.81650510725694,15,1.52,0
-122.88041563636477,203.7322723239197,435.71224940712625,15,1.52,0
-131.01931169587476,136.85539908199905,495.4431184905102,15,1.52,0
-47.63203509340576,-228.62164976036263,416.22672784539134,11.349999999999971,1.52,0
202.3296920460731,-242.24611053305625,88.64250554889554,13.74999999999992,1.52,0
34.8060140213812,67.34387888880303,409.1486807690852,13.449999999999926,1.52,0
157.23718547650049,-172.8611355772108,307.5239560128872,10.529999999999989,1.52,0
71.26778344382944,-238.29073934153018,483.75362267408025,14.929999999999895,1.52,0
112.9942350531129,-128.5035727542712,288.22925373708927,12.189999999999953,1.52,0
-111.37479667729167,-213.0669611534148,306.5856181212598,15,1.52,0
-151.01098584421675,-175.99547154684888,40.08667193828387,15,1.52,0
147.35877078105773,-92.90897829146854,93.1550118232326,12.009999999999957,1.52,0
214.81099949564452,38.5762251768424,27.175809316990808,13.899999999999917,1.52,0
-22.09193637148826,137.6428307143094,213.77434415110736,12.689999999999943,1.52,0
241.49132651311288,-2.8387170123544365,163.19389908279663,14.499999999999904,1.52,0
220.82524489447746,189.35332067870036,430.92620270145414,15,1.52,0
0.5530505778930319,191.61156927753768,453.7572473066946,11.319999999999972,1.52,0
83.78207156475867,93.68382743215011,363.13230577431955,11.809999999999961,1.52,0
43.78756202945999,-19.27113743402424,425.16602877965533,15,1.52,0
26.403080302419994,-99.56180493060742,246.26371578330145,14.929999999999895,1.52,0
32.74704058889256,235.41221810509808,432.1731410001198,15,1.52,0
-76.04147616745877,122.1843407109883,459.4205935826059,13.169999999999932,1.52,0
98.45094118756913,-0.27382494963251247,408.97436585424407,15,1.52,0
-245.40271551314754,190.75367248625287,416.6819482996823,10.589999999999987,1.52,0
177.07641754501537,-72.85167237883422,167.12883390023603,12.599999999999945,1.52,0
-106.5745080216318,52.10824660571461,218.05418342087978,13.78999999999992,1.52,0
204.79678093941698,-196.42091138664046,90.17162101940266,12.159999999999954,1.52,0
-40.932724056968254,22.843857869304998,357.5783276994807,15,1.52,0
-231.18294532874825,212.49209071770986,62.02300866406233,10.839999999999982,1.52,0
80.66784513270761,156.9141863057912,179.13179008716043,15,1.52,0
110.16768198115653,233.6188978103247,88.4955711113347,15,1.52,0
-144.34346568250453,-156.5788989534741,378.15421949542986,10.649999999999986,1.52,0
-238.45236101744877,-128.16366332867074,26.298597823100636,15,1.52,0
241.85480150262072,182.29268399909574,140.32747790394774,14.139999999999912,1.52,0
173.8866758324889,-131.52949931761634,168.72917093373997,15,1.52,0
-66.70713492103266,-59.32231439335487,357.3427463397511,10.189999999999996,1.52,0
-1.4927344401647815,-131.43721517181905,325.6143731534395,15,1.52,0
122.16008063430968,-33.06950092951797,237.55899921479954,15,1.52,0
182.2097755453732,104.42948591948675,61.98385282044842,15,1.52,0
-239.2554875813015,-100.44191902243222,209.91718612369584,15,1.52,0
209.91324771165193,244.04470289306403,107.5006807309203,11.949999999999958,1.52,0
173.22497292693663,-98.51397268581536,19.806370203874053,15,1.52,0
-30.494615650201922,195.09598366538899,487.934837992394,14.979999999999894,1.52,0
195.4090242969993,-215.2156873623254,365.7074744801897,15,1.52,0
193.60511953611217,141.9360718971767,273.3622242407138,15,1.52,0
104.94604352185183,-56.93668380444319,59.962816724885556,12.389999999999949,1.52,0
81.57855467787579,110.07398394928168,24.2758226098656,12.399999999999949,1.52,0
-228.93005744742993,-188.2902237949353,416.10052403703514,15,1.52,0
-36.20062230990004,-42.45027717171365,476.8666938085918,12.709999999999942,1.52,0
-86.68836592223931,-122.58697688807683,272.53818472459693,11.709999999999964,1.52,0
-106.03267132601957,-158.61001945719988,284.34588346468547,10.839999999999982,1.52,0
153.5521156691849,40.2821995780223,108.86880077204898,10.729999999999984,1.52,0
-131.22335144125168,-230.1176745922644,255.84749162195249,15,1.52,0
26.376464408462084,-46.326013078530764,240.20841169050652,15,1.52,0
-237.17614134626547,-176.0214027030048,481.57646903200794,15,1.52,0
-87.8027641345991,-172.54867233952302,339.1129045921531,15,1.52,0
-244.83709018912305,-74.88611656390617,485.24357164399134,11.159999999999975,1.52,0
-237.9289224066241,-37.85787372934806,214.03924920978955,13.25999999999993,1.52,0
209.55643743965015,-178.38058306753896,208.6752715990591,15,1.52,0
20.570847705066967,-101.6523630139975,185.90427293507037,15,1.52,0
159.22995161876133,20.12488133028205,395.76083384810397,10.189999999999996,1.52,0
241.73758034385708,81.20241932338877,124.84511904001272,14.25999999999991,1.52,0
69.857115515636,-3.9667556959601598,336.82937348233156,12.959999999999937,1.52,0
-215.6194216784387,-94.53956754747117,443.696264583053,11.769999999999962,1.52,0
-152.18292876343605,49.91966522867858,420.96493372969053,15,1.52,0
-117.08486341898765,-207.73569520056571,144.70459486442644,15,1.52,0
-90.63169263087104,-226.23384782598475,199.7594756299428,15,1.52,0
229.1174171823959,138.5596839495828,118.19952698164684,14.799999999999898,1.52,0
-12.970182450926472,205.26865487554835,413.020161065656,13.71999999999992,1.52,0
117.78867024561953,-158.18662916286462,98.08842349795964,12.419999999999948,1.52,0
80.53800431598324,157.40120505970117,74.02516268617251,15,1.52,0
-244.6479980658537,-245.5743296255623,465.6149845922105,10.419999999999991,1.52,0
144.48662503195783,50.88279394087988,36.868851454611445,15,1.52,0
-53.679081389099565,3.239865981671869,466.7862581791935,15,1.52,0
211.2401562218938,-238.42003623825792,315.8520194832213,15,1.52,0
39.05275713711137,-136.97715688145195,28.887185683442908,15,1.52,0
-29.947369951220367,217.9608120983047,29.461827105917337,15,1.52,0
-188.21473346373307,-150.78978798197488,127.05793260880182,10.629999999999987,1.52,0
-42.107978159263666,-113.59618889965554,410.97692125710046,14.279999999999909,1.52,0
161.07127698284216,0.5808937556234923,132.19214316826128,11.529999999999967,1.52,0
92.08285053840325,137.19227040829912,312.469175024184,10.01,1.52,0
232.18209090487312,88.4014436486467,32.95021256583607,15,1.52,0
59.619308023835174,215.1328678590412,284.1797466962536,11.289999999999973,1.52,0
-38.41354055628642,241.13511009795252,388.39961776995517,12.459999999999948,1.52,0
200.42015805068957,167.68169923285222,501.5299561333669,10.46999999999999,1.52,0
154.00112683400675,17.456540334148713,259.62138473044774,15,1.52,0
231.93999476062413,-146.69422574303076,172.60300137312015,10.91999999999998,1.52,0
69.4458221933487,-7.283543819671081,473.2973142310708,15,1.52,0
-28.135343926572887,-241.02821581980822,493.60318002081533,14.969999999999894,1.52,0
77.04241649385494,90.63021271492221,83.10596521973878,10.109999999999998,1.52,0
211.97573402673947,-225.58686464470156,37.0472384230153,15,1.52,0
-234.04695383276749,85.67088619327092,434.9049361642909,15,1.52,0
78.35105299086263,184.10817762062402,36.59322581709773,11.029999999999978,1.52,0
-202.08390988676854,-128.95824713513912,185.54678194779297,13.979999999999915,1.52,0
-42.73435857694892,-198.8058364716086,20.476225858631324,15,1.52,0
-220.5132417898717,138.23162469947908,477.2206559774927,15,1.52,0
-231.91976337667506,143.94574422436347,298.0097272266298,11.41999999999997,1.52,0
-148.71362160867113,-133.0698390268102,330.9086107387509,15,1.52,0
118.30994283385428,228.1092324158028,487.7099444723452,15,1.52,0
230.5936790343393,11.41073460902453,345.2535310677765,15,1.52,0
44.71596462526668,-113.25991579772631,135.14877762504364,11.099999999999977,1.52,0
-123.59117975290064,-178.39843207790761,232.69910064349187,15,1.52,0
137.12631996210382,-9.896714879704405,305.54206260310696,15,1.52,0
165.9653322534051,186.08095374132768,476.6252979354566,15,1.52,0
65.67117775943825,-21.83598433320742,131.3795519935975,15,1.52,0
200.0582772819497,114.50324176982508,350.84881262069734,13.099999999999934,1.52,0
168.52332908954338,90.53360478162085,396.93809497227824,14.989999999999894,1.52,0
-49.088258605031,-31.904699842710443,33.22796819139535,15,1.52,0
201.940082431679,-31.510021393324337,438.0321235085935,15,1.52,0
-227.03607238859047,117.57145378059124,229.0886703070987,15,1.52,0
233.59180028916717,244.69057216438432,414.57481428439587,11.299999999999972,1.52,0
-25.100325015587828,140.86886461621896,99.58218499157294,15,1.52,0
-66.87245716599637,-118.69324167929051,494.1925003973241,13.099999999999934,1.52,0
33.74343733540866,32.87888500108602,136.82814139625134,15,1.52,0
90.22757164482152,-119.2081483370697,11.22045442855233,11.219999999999974,1.52,0
-204.93885331419574,-137.5448818176235,393.6628356960879,15,1.52,0
56.92729910367348,211.27432690547937,381.02159389046517,14.149999999999912,1.52,0
-136.06494566259823,99.51840242463254,468.7166367602009,11.189999999999975,1.52,0
144.6957682376376,185.09930287901796,90.94752351657803,15,1.52,0
56.86095315791238,-241.87625983618966,393.0266341890675,13.709999999999921,1.52,0
2.8795957614528334,-236.7476114760218,210.36058854938688,15,1.52,0
20.461307974518263,-132.3972633404112,403.10354578047304,10.229999999999995,1.52,0
-182.79173881334668,35.27457652669068,491.6635286633141,14.399999999999906,1.52,0
-214.5199609825678,14.561300323526211,406.37795085692846,15,1.52,0
-52.787329512566885,210.00098386436605,175.44133642608062,15,1.52,0
-97.92631988267033,32.576703592583044,484.32606063170863,10.799999999999983,1.52,0
227.90187718433094,-183.3407106934311,431.0933232722308,15,1.52,0
16.499420177739694,-157.76454309921803,245.77458280577923,11.209999999999974,1.52,0
-68.43215724055653,70.82897526908584,353.97737464291697,14.359999999999907,1.52,0
-144.38896472017336,157.36122199708154,15.234679935964209,15,1.52,0
92.94594747691428,-184.14126347504873,185.84880482415872,13.75999999999992,1.52,0
-242.09348019345134,36.392223041836814,54.13315197033012,13.899999999999917,1.52,0
-106.30940340036568,165.66539516289845,251.0815976927521,11.559999999999967,1.52,0
211.81813574914372,-174.2593881172943,32.18816022389274,15,1.52,0
-200.299040911136,25.487191705770897,22.56033995756252,10.869999999999981,1.52,0
116.04968357799874,244.52663471873495,359.8251313385888,11.469999999999969,1.52,0
169.19980048536752,-126.42678688786782,495.47817323887637,15,1.52,0
23.302290474406618,185.42905789795475,189.80578850892744,14.6799999999999,1.52,0
242.99811682277777,-222.42827507948232,195.4407673021334,12.999999999999936,1.52,0
-213.59940236599073,66.0708516855018,185.85570736931732,15,1.52,0
-174.26003517066647,140.56356594052818,127.9702037375431,13.179999999999932,1.52,0
184.1459386664768,-40.427232699927,487.85365395888607,15,1.52,0
-96.06615670308383,236.63210141744582,473.5615437932896,15,1.52,0
-236.43883816821733,89.11482466660016,113.46512554840956,11.299999999999972,1.52,0
52.11249118586284,143.1645138568149,229.8733633649988,14.889999999999896,1.52,0
100.75661987931073,179.95598836692795,445.33060960553723,13.109999999999934,1.52,0
-136.33843455984163,116.75784850567516,153.28978277833232,11.769999999999962,1.52,0
226.51974158719702,-0.9799015374435385,258.76764288737127,15,1.52,0
-38.35701043288668,-152.7465691160602,13.925619487097947,11.719999999999963,1.52,0
-72.73206835993085,13.417016609173402,137.4798950349532,11.959999999999958,1.52,0
61.99951005922469,-203.79101115450078,22.554111394568167,15,1.52,0
-169.75425856996344,173.21404809032038,206.4171511391554,15,1.52,0
-22.060709637354762,-122.02873952015318,44.64801796386644,14.6799999999999,1.52,0
-11.04918316822284,-24.07259526431244,279.2712436023121,14.789999999999898,1.52,0
-76.02737154500505,171.92184156964345,401.76716731112276,13.439999999999927,1.52,0
-241.49364039951786,-87.73357765685478,350.3551016594869,14.499999999999904,1.52,0
148.2398658727467,142.0765334743312,175.89455292186983,15,1.52,0
150.8925968853764,-232.61641479740388,418.3194622805951,12.679999999999943,1.52,0
-182.93373693149465,-159.7996455852558,11.942325928518017,10.529999999999989,1.52,0
93.98120979737689,6.627912092015322,270.32517493172236,13.24999999999993,1.52,0
230.96662149199756,-219.62505098842723,142.11222227887606,15,1.52,0
-149.56903062263575,-114.38494449026882,11.238126374617877,11.229999999999974,1.52,0
-57.32787860883843,-145.99682840971457,80.47762976158674,12.539999999999946,1.52,0
4.769367658160377,-14.254523462830093,337.08461432877994,15,1.52,0
153.99727461076293,173.0709267764637,345.3767417519499,12.109999999999955,1.52,0
245.74199388705347,115.58667786217052,236.31489306460628,10.249999999999995,1.52,0
44.69868468047298,155.02718645037646,23.964313538133297,13.72999999999992,1.52,0
195.05115699673127,33.93997061790685,166.39337975973604,15,1.52,0
-19.372759437064246,-155.38512631067113,361.06493773177726,11.359999999999971,1.52,0
-23.558653759654703,-243.86170980700763,262.885433517984,12.129999999999955,1.52,0
-161.89227240055004,-137.04671341985568,68.05958329177906,14.169999999999911,1.52,0
-100.29058039806682,-217.26072562436696,437.20840552349,15,1.52,0
-7.120298383527938,-5.9465151452459395,234.97408772532356,11.789999999999962,1.52,0
-103.90742869645806,189.74127425335053,16.203772261182507,15,1.52,0
153.5860963881122,-231.86000545919762,374.01296898271164,10.769999999999984,1.52,0
-2.2148351695020665,31.251100794517356,283.43203662667713,12.429999999999948,1.52,0
-95.71627093098584,-86.98876827969934,154.20369189902658,11.999999999999957,1.52,0
158.5770165498467,105.56635823469799,495.27048018856726,15,1.52,0
243.16082776157452,-129.0264642283239,22.952807800481196,12.82999999999994,1.52,0
-244.94550609875,242.06000163191834,292.2499043036555,11.049999999999978,1.52,0
212.93054068126128,-38.715656016349044,98.66239727284312,13.119999999999933,1.52,0
85.93712315248172,86.53619172293247,247.74020252928415,10.519999999999989,1.52,0
239.4834035002325,-81.28564458581536,446.51486197786755,15,1.52,0
-244.57557116279384,-60.2887068375951,158.33429986948772,11.41999999999997,1.52,0
-33.997578943811504,164.93822521087293,352.40784008446644,15,1.52,0
37.51499397668397,-64.84698531047741,294.3233257490016,12.929999999999938,1.52,0
-208.83297955354112,31.207350370961876,216.44573693598545,11.619999999999965,1.52,0
-13.088132668841808,28.753557424537917,74.49486212048407,13.669999999999922,1.52,0
-119.06336088327043,33.91386767354061,30.809988950253683,15,1.52,0
-186.9070594077981,5.004314285540772,360.66418942644725,15,1.52,0
-117.13037025384767,-233.4403925446394,67.7317771813722,15,1.52,0
91.86901613964494,65.80304341090937,35.29437939482648,14.359999999999907,1.52,0
130.77126696847097,138.64520778312226,88.96418197013077,11.38999999999997,1.52,0
-97.9912915546737,221.62932265694542,53.909651552964874,14.129999999999912,1.52,0
79.71597520638284,-166.10017432984966,69.72483300048998,13.569999999999924,1.52,0
-18.607929703931973,-69.5392652392718,254.2061358863774,15,1.52,0
72.43646404952574,218.7534784887946,176.19232590411139,10.49999999999999,1.52,0
-122.6561632797318,6.1146174154844175,225.82059891126312,15,1.52,0
-50.00534019502595,111.97489456260644,359.91237711088684,11.109999999999976,1.52,0
147.88836982275063,44.29888780919464,499.96042780318896,12.029999999999957,1.52,0
-30.52491329055681,-243.98434257766064,17.722808452734284,11.87999999999996,1.52,0
245.11835164974502,237.89072220912647,371.33512636253135,10.879999999999981,1.52,0
-63.231210838212974,-191.93213227629838,104.31277185946453,15,1.52,0
-238.5919072307712,161.6040805907295,193.53623789328265,13.689999999999921,1.52,0
242.65779337064112,238.8507344687597,225.42349208788642,10.359999999999992,1.52,0
-17.559350980734735,-143.0166843774457,481.9200896474965,15,1.52,0
92.20455326356205,-203.5434406197587,335.15991680741877,15,1.52,0
42.19659824025746,-191.76239656941107,239.22001710086215,11.89999999999996,1.52,0
43.325235269811856,77.68502264313258,130.37032754853465,11.269999999999973,1.52,0
31.236353016440376,-24.931107229028612,31.786679255188005,12.669999999999943,1.52,0
16.05472837812715,-68.49529564222837,496.0077013439071,13.109999999999934,1.52,0
128.7008861219008,187.6698589915045,142.98598359729317,15,1.52,0
238.26850574407388,25.75122945900739,75.39546929377434,15,1.52,0
142.76221946341957,75.48489234294118,81.22621399468801,13.72999999999992,1.52,0
236.8056108493529,240.10656006215243,304.6913199897667,12.409999999999949,1.52,0
238.69132920225138,-111.37145279316451,402.76290665002387,13.809999999999919,1.52,0
224.3435885386857,-142.43149998680042,307.2553904689082,10.259999999999994,1.52,0
29.73675730653156,166.4320024322899,409.62277630587107,13.059999999999935,1.52,0
-111.76537886038773,-214.61361151819222,367.50762449173897,14.009999999999915,1.52,0
-95.05939110822499,119.99338416010016,137.17814232593207,11.129999999999976,1.52,0
-88.5849096070142,-243.67618454407125,126.80874132736596,12.31999999999995,1.52,0
222.14366324635716,80.47814761957625,472.32340503305954,15,1.52,0
-180.84063881292286,223.18461182744875,201.50614518244686,15,1.52,0
49.15228231118715,-242.36734319362733,49.61300815432037,13.629999999999923,1.52,0
188.81399278873687,177.15278295010228,43.418278528580686,11.199999999999974,1.52,0
-232.53645167013985,17.303258575504515,477.6673235378105,14.599999999999902,1.52,0
243.33940303924783,155.53560387923085,53.188731901163806,12.659999999999943,1.52,0
-112.82152807358955,-40.182250787194675,247.86263073983946,15,1.52,0
-179.88350386410593,51.696236753785456,255.9492035348352,10.129999999999997,1.52,0
14.138766275427542,-114.71067257800041,71.24749044610758,10.829999999999982,1.52,0
21.184078139340727,230.12862255424272,139.67939670495946,15,1.52,0
-164.13008995958614,154.06125765880302,332.1895921088096,11.209999999999974,1.52,0
-115.26892521477669,37.818763852055326,121.88598066971167,15,1.52,0
-19.10066225782782,107.15775960584415,303.22646057204645,15,1.52,0
161.43598484608253,-238.5679343856881,225.78690550135389,15,1.52,0
27.473452332751435,23.647708708489745,19.833011512473604,13.689999999999921,1.52,0
203.29958525143525,26.0680773893547,459.79477245675434,12.729999999999942,1.52,0
-74.8402589621985,168.84675293613566,160.59396576513984,13.989999999999915,1.52,0
91.75259915010486,202.50605556967002,121.45815756365391,10.259999999999994,1.52,0
-107.09237895019703,-217.29804501137596,22.742512333044715,13.839999999999918,1.52,0
-227.95095770847433,-12.25333787942941,38.85378377572715,11.159999999999975,1.52,0
-12.371139359210474,144.27523013856342,158.09954810107968,15,1.52,0
208.4646934637027,-97.47368185763094,111.87729275994195,12.649999999999944,1.52,0
-119.9724762979223,-216.3628232054134,499.6475024230324,12.34999999999995,1.52,0
-199.30748470532262,-3.3522428996932376,161.00941041894112,10.079999999999998,1.52,0
188.25723199228912,90.30745102124979,210.05750131684147,15,1.52,0
-78.30607987285566,14.715384874760502,227.07474852608482,10.189999999999996,1.52,0
231.1490038988859,243.8615010202377,162.66719702650357,12.129999999999955,1.52,0
-214.5653238177032,229.33585912743843,17.28484695530267,15,1.52,0
-207.60372214305187,195.46444746305792,136.93473768055162,15,1.52,0
-49.84420230899434,-105.73682276257261,365.2880617590557,12.719999999999942,1.52,0
-43.6328127651725,-241.42536404944553,78.16523991747249,14.569999999999903,1.52,0
111.92094718010947,148.1188538126903,126.33320684759849,11.069999999999977,1.52,0
197.70292656551328,244.3987980237224,260.53195826608066,11.599999999999966,1.52,0
21.754305538206495,242.319613320867,334.87389103278997,13.679999999999922,1.52,0
39.4810537455686,-144.38626962957994,349.5791041193869,12.78999999999994,1.52,0
-65.34961858630595,107.01296885731983,196.2947714248187,15,1.52,0
53.3688903461765,25.151934246898918,292.70083723029313,12.299999999999951,1.52,0
223.48068476216145,135.60071377982285,14.756296889607142,14.749999999999899,1.52,0
121.80264428340809,16.051268230696223,164.32991952642033,15,1.52,0
-87.81026882998003,194.185968195776,489.9907383779606,11.249999999999973,1.52,0
72.76033965977376,8.800314795617055,17.8077490034849,14.009999999999915,1.52,0
184.07254226970372,-104.97537203563797,75.1869321146828,10.599999999999987,1.52,0
198.62422786616276,161.87396570989915,161.38399578726796,15,1.52,0
155.14860543773432,17.93798773387323,73.66664928056764,10.989999999999979,1.52,0
202.24717748097305,57.59932447162885,106.82295530522049,15,1.52,0
-125.4448297296359,235.82290691808987,12.22098987017614,12.219999999999953,1.52,0
228.0023576306619,24.795410604936933,498.43698294675175,13.149999999999933,1.52,0
-133.87771735552747,-110.29513079165292,451.94833855030447,11.209999999999974,1.52,0
-131.1212505990611,185.39826035092312,301.2400790120421,11.769999999999962,1.52,0
76.83898455558733,-52.482645697914336,21.43693759929431,14.029999999999914,1.52,0
209.6477663592069,237.69228039606287,14.560125661823463,14.559999999999903,1.52,0
-27.040498526782358,-8.576736800264825,416.4689850667446,15,1.52,0
-117.09155226116195,-47.73082287118689,365.6801518212519,12.969999999999937,1.52,0
199.44752251653938,-218.8344563881417,182.52701817402385,12.559999999999945,1.52,0
209.01979316264237,-35.025900458245474,149.0149413343065,13.359999999999928,1.52,0
99.16343123984893,-46.7645709389617,302.13130524234964,11.089999999999977,1.52,0
59.40973166366791,103.08906855011719,329.21933237003634,10.989999999999979,1.52,0
179.5728032274044,-53.32872962899228,52.67868966817582,14.119999999999912,1.52,0
64.0743035446261,-102.5821962427467,415.26209333260465,13.76999999999992,1.52,0
-231.95679723508965,-222.00728472402614,270.31760306865783,15,1.52,0
103.97270804194784,146.962567720263,33.718958463110425,11.769999999999962,1.52,0
-235.3974594396858,-145.04208477817417,443.2357103019373,14.319999999999908,1.52,0
245.06702213214533,-173.49714998621778,106.9753357660644,10.92999999999998,1.52,0
-220.67007424147937,222.6635962270691,452.6203681694924,14.529999999999903,1.52,0
29.606429989685353,190.2500246903328,90.6513969291392,12.859999999999939,1.52,0
-227.94363446104921,-213.17980561996444,222.4687166998392,13.26999999999993,1.52,0
-97.1082246366957,-130.21275743523938,172.457528990029,14.939999999999895,1.52,0
-175.87620787223955,-135.4525100330559,497.76494900154546,10.129999999999997,1.52,0
-13.060177659458077,-4.738196030273912,121.8556042204466,15,1.52,0
-93.3259177370137,88.52191400740901,490.7930928333551,10.769999999999984,1.52,0
173.21428916407933,153.19083145972388,388.9548245605346,11.019999999999978,1.52,0
114.33688868370643,-36.21696621894023,157.88229995931056,15,1.52,0
-117.61554406367873,-8.173978286765077,176.27253031899056,10.319999999999993,1.52,0
124.80792947150007,64.88238949147853,239.0833992038239,11.189999999999975,1.52,0
-211.02842826451513,198.30198014310577,394.32020198040766,11.099999999999977,1.52,0
-118.43671664565909,-85.10838118919833,408.18267003941685,15,1.52,0
-68.2236851465135,120.8028259477394,82.19047751794346,12.169999999999954,1.52,0
172.30966156412956,216.35262647683442,279.62022060714105,10.04,1.52,0
102.801019131928,-74.21882913967647,203.43558030092174,15,1.52,0
-12.206285566047768,48.91549448185458,479.10138275868826,15,1.52,0
-201.97207920322705,238.29374875655617,333.04262033387874,14.559999999999903,1.52,0
-65.88237948495885,191.34588336387787,449.8610459093377,14.559999999999903,1.52,0
89.85483564491176,-78.70070233603587,455.93243974076256,12.019999999999957,1.52,0
232.5363332837926,168.98562213318166,245.63778913930037,11.999999999999957,1.52,0
1.5392369805005046,93.04978762495443,220.51014709659387,15,1.52,0
220.70319714904258,243.7853074069502,461.491878748379,11.219999999999974,1.52,0
-106.60146393519483,-67.8583918752463,26.65973519287752,13.089999999999934,1.52,0
141.61270654954762,-194.48230997452163,136.27554993241108,15,1.52,0
237.75050276981904,138.54163991133214,379.60300026130767,15,1.52,0
-69.64012772613376,-185.31290576328036,253.1430666256266,15,1.52,0
121.04031408028754,-131.46885865387583,158.0488161450903,10.989999999999979,1.52,0
-185.9729716311574,-95.49297623747566,20.739347723344622,10.869999999999981,1.52,0
-200.62426861305448,-91.94540742246386,262.6357905638225,15,1.52,0
59.07254250533947,-228.7356289698307,225.40197005462016,11.019999999999978,1.52,0
103.34702555013052,-108.84060204701859,94.03563433605746,14.799999999999898,1.52,0
-36.67936780975003,-200.7382515611938,463.5368389599266,15,1.52,0
-7.578219816845035,95.55012209169502,364.2284788924793,14.579999999999902,1.52,0
-164.12216388658624,192.29171290880709,248.01859708787197,11.109999999999976,1.52,0
197.38253395069023,226.02065724862666,498.66106674705964,13.329999999999929,1.52,0
35.23753130110117,71.96132964963272,188.46334370806449,15,1.52,0
35.71909678355439,76.33194079056454,461.3528331176062,15,1.52,0
24.082217913316526,-134.42196332852575,460.9552208719824,11.569999999999967,1.52,0
-192.37131854167967,85.02867208819987,457.7722362739187,12.539999999999946,1.52,0
84.43187051270058,234.64309402490244,220.60590771652096,10.049999999999999,1.52,0
-115.80983396101283,-128.34251232923987,130.8946668494292,10.669999999999986,1.52,0
134.44114628331135,140.34254560006434,232.35384780066545,15,1.52,0
227.33239151906218,103.9817215924669,415.0129732700692,15,1.52,0
-208.41787719192644,-44.04079438862129,345.5534560593536,12.729999999999942,1.52,0
145.2491931798255,67.44135226508104,148.31781841721852,14.25999999999991,1.52,0
126.0827889257564,47.01191272109213,402.2556690384632,12.979999999999936,1.52,0
66.70543620993828,171.03521556615954,321.0810442759529,13.149999999999933,1.52,0
61.53403247843278,185.8653639175359,218.91895660675948,10.179999999999996,1.52,0
1.745872429813744,-67.81803010705153,162.44101332144817,10.269999999999994,1.52,0
136.502687916063,198.49918491012033,305.2355804159656,11.569999999999967,1.52,0
79.77537977310783,-149.49096441916595,317.4439726123053,13.339999999999929,1.52,0
-102.0662211307623,230.31330560402012,101.47531447101471,14.389999999999906,1.52,0
-72.51600410200786,-76.67517918564249,476.55962665728623,12.80999999999994,1.52,0
9.019938369218949,-74.35261079609518,377.7625357374965,10.979999999999979,1.52,0
-59.48224869655098,-187.3204634315805,300.1790671371456,12.189999999999953,1.52,0
-57.66851065673154,72.65607257505076,226.2701240437051,11.229999999999974,1.52,0
-214.00801523078553,-112.73376207842068,90.46707115233596,15,1.52,0
-78.20290061758271,-16.84733216001291,499.74034659131496,10.719999999999985,1.52,0
-43.90876598861553,184.58345016807493,127.82864610412048,13.72999999999992,1.52,0
-121.20877181973424,114.00749430721339,290.40175898991095,12.79999999999994,1.52,0
-1.1063042685780147,-244.34272065686002,146.94251724971423,11.649999999999965,1.52,0
164.27488968982823,180.70501613938757,219.71511212235293,15,1.52,0
131.85385417140833,-16.353499629628345,375.10138266083425,13.359999999999928,1.52,0
120.00257424184895,-95.68283993659009,331.4496025007337,11.85999999999996,1.52,0
234.1536639934002,-108.7506901107879,208.64543649415225,11.099999999999977,1.52,0
-37.02863512875956,-42.73600436095353,326.0602810030524,15,1.52,0
78.1994025017251,106.76561000561423,499.9132641671067,12.079999999999956,1.52,0
-150.85779162691733,-242.9415208540031,424.60772093443336,13.049999999999935,1.52,0
-220.03980087130776,-127.8804579923476,243.38782698302498,10.149999999999997,1.52,0
65.70129951005254,191.89591859953407,468.33487439299574,10.47999999999999,1.52,0
-1.3776674368141357,56.503332450436005,116.64525446029324,11.88999999999996,1.52,0
-152.89944828450405,-73.24671976223419,261.5366158859621,12.469999999999947,1.52,0
-125.66233873333351,-147.36606572138237,500.65829782038077,11.339999999999971,1.52,0
204.909606971299,4.07933655098816,308.6591792499105,10.299999999999994,1.52,0
116.96418568509694,147.08082766265306,486.50265519447623,15,1.52,0
-148.9216521155181,-215.0310772549792,101.47247774378127,14.879999999999896,1.52,0
-171.36686159852047,237.499385923315,141.81497812910743,13.879999999999917,1.52,0
234.41353628908928,187.67942920852227,367.02457413185107,15,1.52,0
192.88354090332575,-200.08423977681832,294.2298223015074,12.679999999999943,1.52,0
110.6214728264614,27.250918700340094,308.36325854243614,10.719999999999985,1.52,0
-43.131366872375565,139.0405346478957,484.6197733032608,11.569999999999967,1.52,0
222.2896419634999,-50.24612207977225,256.82965318775314,14.479999999999905,1.52,0
81.39504647038791,-172.78668402904157,497.56851050383364,10.299999999999994,1.52,0
-230.47462672949825,145.93933971007573,392.2186279600611,11.40999999999997,1.52,0
53.578483405157044,-47.34512184075152,386.53358170197134,12.529999999999946,1.52,0
130.6670645118478,-30.541764238945575,463.71248393197084,13.24999999999993,1.52,0
-157.96752452668022,244.369484100284,313.9108707739033,11.629999999999965,1.52,0
-50.911862924321895,74.12045999488862,292.1823924957803,12.169999999999954,1.52,0
-86.01938314045788,7.585289487622163,267.7722365463742,11.279999999999973,1.52,0
-166.8305944196511,-149.8922020041573,287.5883537112992,14.869999999999896,1.52,0
192.45067153752154,107.24379812268523,161.65203987600273,11.129999999999976,1.52,0
80.02390075887138,-205.6482358351609,438.47988368872734,15,1.52,0
-169.85612213504544,61.15762922255078,162.4102107757809,12.37999999999995,1.52,0
125.05537183930846,-95.93802625734406,410.0022667653601,14.879999999999896,1.52,0
12.663450276498565,200.60845438596346,24.466395887116164,10.799999999999983,1.52,0
-203.11976015013943,-70.4930230491849,76.13668075303804,10.90999999999998,1.52,0
142.2841881439689,174.40417737554492,267.8986563429471,13.059999999999935,1.52,0
-25.754475207249698,-107.09130382488968,227.87373555169052,11.40999999999997,1.52,0
-21.07788669179945,-46.3725842692387,94.63746332364929,15,1.52,0
-224.79044856842722,-18.325812191963337,127.85908666376565,12.149999999999954,1.52,0
-46.80909590277588,130.05302720832958,267.9307967217999,10.989999999999979,1.52,0
-183.14994841299404,99.16179939889162,253.64892081473465,14.6999999999999,1.52,0
56.949452543640746,0.5886006062315801,173.94752759820494,10.129999999999997,1.52,0
-79.60464960068123,-9.033754402143927,347.58389628269504,10.269999999999994,1.52,0
-196.83504020166936,-190.54052423991425,454.3044962968355,14.939999999999895,1.52,0
-12.762413982880503,-130.1017392809315,167.78396819425166,11.319999999999972,1.52,0
230.3756023093158,-195.58380808262507,341.9178638312603,11.619999999999965,1.52,0
-67.03810027930342,-185.72137363170975,414.9944882763093,15,1.52,0
191.6118344948352,-70.09490622923954,300.91034443052615,15,1.52,0
156.37096855021184,234.81923896804153,347.1063591932452,11.89999999999996,1.52,0
-16.85089450338785,96.22781017018235,15.2524261903651,15,1.52,0
-130.6983785247371,-52.91056044229947,158.74634276544714,14.589999999999902,1.52,0
-137.15180834982084,-205.8253668364066,191.41549630458815,15,1.52,0
56.01525121644215,-53.21674750424984,456.0077584732236,10.339999999999993,1.52,0
16.30234336605156,-239.6427429802543,475.00588549257884,13.219999999999931,1.52,0
22.930226846358096,-182.3456457079019,157.1037524135329,11.159999999999975,1.52,0
27.243188009672053,116.10267826822553,408.3576039670527,15,1.52,0
242.5672854540237,138.0582238498681,299.4018959966503,13.429999999999927,1.52,0
-209.12574476675115,-36.55080057650548,301.15429217098574,12.299999999999951,1.52,0
87.1274571822338,-225.26131239447886,287.2562359406288,10.819999999999983,1.52,0
131.09378083239812,-180.7264121840601,357.59865352869144,10.659999999999986,1.52,0
72.29585794434365,100.34137179514357,432.0274539123203,12.219999999999953,1.52,0
-242.56149529092784,-223.36563979317998,41.891357923862074,11.43999999999997,1.52,0
-160.15404323963003,37.2738212122639,377.63220253583256,10.219999999999995,1.52,0
5.2153707815352846,137.53017318244497,329.42455361618033,11.89999999999996,1.52,0
-129.82172424952626,-93.58901912925035,501.5094349116864,10.48999999999999,1.52,0
114.36818750170073,-135.04013103595094,354.0109377697552,12.109999999999955,1.52,0
81.48275238086137,-173.55189937115006,228.3834199213984,11.539999999999967,1.52,0
-75.14681623978208,233.8278415365163,140.28374686908944,12.969999999999937,1.52,0
-209.10730536574738,-159.5314393447885,273.35514447545904,10.759999999999984,1.52,0
-206.2412313500854,184.00527966006996,230.8414133883906,10.209999999999996,1.52,0
-155.58543290413002,-245.08148378128305,329.2705430707282,10.90999999999998,1.52,0
176.78449557799593,-33.71393088194361,217.14623160856615,12.899999999999938,1.52,0
-7.551126454261066,48.646323499725554,238.71432952659677,13.329999999999929,1.52,0
202.98018392831466,-25.6726610145314,337.7877957076338,10.49999999999999,1.52,0
-190.45654395447684,-234.48199471480962,229.00813878222004,10.329999999999993,1.52,0
121.48377003148903,-185.94381324171422,420.2387880422257,14.389999999999906,1.52,0
-33.3474616981905,107.69734885771857,409.77112350623645,15,1.52,0
-200.23338213399563,-83.53908248278185,488.670271289718,11.279999999999973,1.52,0
121.36567282026647,13.613840837819453,13.910414834308085,13.909999999999917,1.52,0
142.0254240613266,-65.69657494478747,296.9761678901258,12.679999999999943,1.52,0
-190.1373849454908,-29.747635685639807,404.63535204470315,15,1.52,0
239.06129941842084,-233.71936746208303,460.0020815469653,10.619999999999987,1.52,0
104.3466215227354,-244.88057544762069,12.18345444296176,11.109999999999976,1.52,0
-154.9911992316355,-1.5991030586234274,13.468340644280488,13.069999999999935,1.52,0
122.45822522669039,-78.7720094407457,20.274349098002062,15,1.52,0
51.08592491308025,-117.5792945358478,94.1209077091828,10.639999999999986,1.52,0
34.17757843970867,1.0699875219578416,227.8590928201504,10.689999999999985,1.52,0
-3.2092020360172455,-64.04925970208103,205.99196037871775,11.109999999999976,1.52,0
-184.17669108692235,-186.2306237505801,156.6438787816544,12.019999999999957,1.52,0
-237.43501794485576,228.6633743182042,146.63071877928064,10.669999999999986,1.52,0
73.4982982968138,47.25501469747587,440.8586386317114,15,1.52,0
233.20857526020336,8.776904968558142,401.31706054641893,15,1.52,0
150.5425277743118,-221.50762286806412,333.60018842554007,11.049999999999978,1.52,0
192.91075339417762,235.13093757190381,318.40097304343635,12.669999999999943,1.52,0
-243.72181962740524,212.05719973291878,256.6559096493721,10.639999999999986,1.52,0
-224.2854594852529,-23.966299396923205,79.75679689624326,11.539999999999967,1.52,0
46.43733468244807,-172.26843421017918,437.85439396589504,10.95999999999998,1.52,0
-91.7207016970467,243.84798244670628,199.80754283839974,12.149999999999954,1.52,0
-130.03863992959032,115.65156657365935,87.26151574525898,12.389999999999949,1.52,0
-140.29712553700347,-97.24253664347191,295.71563086158767,10.569999999999988,1.52,0
226.11941481100394,-144.31939039819304,263.4140790525894,10.92999999999998,1.52,0
239.68604756552543,-43.501686504543045,28.585545452912243,11.38999999999997,1.52,0
162.54664902644538,-229.09449558699828,14.67949566294783,10.209999999999996,1.52,0
-53.98111938709178,242.13881401179367,436.0884566537087,13.859999999999918,1.52,0
-3.360853802786778,244.69685452339593,259.11956918979274,10.389999999999992,1.52,0
124.32856525048032,99.77243780942922,411.96965079455947,12.449999999999948,1.52,0
55.98161112979574,201.4550204738423,142.00111205084465,10.139999999999997,1.52,0
-96.25158112837596,143.2547884823889,36.61105971144525,11.949999999999958,1.52,0
-242.03036137220136,42.17847467138017,364.3090300085123,13.959999999999916,1.52,0
96.55239459102404,-214.84750833947544,394.2794423016263,11.769999999999962,1.52,0
144.70071756980735,-243.80801154205676,112.31530533090245,12.189999999999953,1.52,0
243.72650770614916,30.905790025040233,300.9846727412529,10.599999999999987,1.52,0
-237.78529067184797,95.36021235385749,390.2533811529768,10.839999999999982,1.52,0
130.86467875743494,65.75358467427225,286.481868434019,11.479999999999968,1.52,0
105.65000741259246,-242.4645231436175,185.81823325097184,13.529999999999925,1.52,0
139.56209237529163,-160.3083278230623,266.1891744204105,11.159999999999975,1.52,0
-153.47363673917937,-16.954928344163704,381.64367534672317,10.119999999999997,1.52,0
-175.07946888805554,237.57231446978903,245.57102309718266,11.709999999999964,1.52,0
-22.848056134710987,-182.42570125843372,236.45490416966663,14.759999999999899,1.52,0
-215.73525871663833,235.86692309928515,229.23056490989848,11.329999999999972,1.52,0
235.55690355285537,-131.025282403647,442.0267998506348,10.199999999999996,1.52,0
-127.9650372875144,239.23609758149792,383.6930561686612,10.299999999999994,1.52,0
-231.97242496863464,-114.97348003848197,286.4177717470967,10.589999999999987,1.52,0
245.8564533148641,-61.454440974884164,119.21372227685845,10.139999999999997,1.52,0
-167.60268576206,143.7983400821903,244.27084778827623,11.299999999999972,1.52,0
-108.02002422994849,-148.8563412815596,26.207424511894374,14.139999999999912,1.52,0
-190.57081380899933,163.76326739163562,12.437375874136137,11.699999999999964,1.52,0
-245.75044565936514,-194.24273729929087,72.2769317295282,10.239999999999995,1.52,0
-109.58260693825991,-34.33608246566109,478.06132719513107,11.229999999999974,1.52,0
106.17335589229049,-218.9877057393686,239.67430502338607,10.249999999999995,1.52,0
-171.82897303324444,114.99657376747223,486.02333841553923,11.43999999999997,1.52,0
-91.34764263317106,-174.34288714420575,181.29352572765208,10.139999999999997,1.52,0
-28.18958918241458,-203.39257366165168,197.03625707227332,10.199999999999996,1.52,0
69.6277386671386,120.35288218863002,134.06832074165652,10.389999999999992,1.52,0
198.0959902477041,233.63292183782937,187.7135186252043,10.579999999999988,1.52,0
132.2179313941557,236.82085418273027,129.09682965142736,10.159999999999997,1.52,0
242.35607704973881,-15.418656833554337,488.52187851580254,10.679999999999986,1.52,0
49.56163635527139,-132.55061052208464,282.60639386220566,15,1.52,0
69.97922741080049,-86.09009908937787,493.59118670501584,11.139999999999976,1.52,0
230.01836955937426,77.97345056357278,377.9429266511903,10.359999999999992,1.52,0
-69.44792564245381,193.18486780949706,333.2887028359437,13.839999999999918,1.52,0
18.688526166004408,-94.19014482341936,14.091788936739249,14.089999999999913,1.52,0
-75.99852798219354,3.014816812526192,11.228812721506529,10.319999999999993,1.52,0
19.600285348812235,181.16452151269255,250.91816286413416,11.38999999999997,1.52,0
-162.18487014874518,198.42100612724266,106.4923078742014,15,1.52,0
10.921162388672428,103.45594724211037,126.19372793230104,10.339999999999993,1.52,0
-36.41147974184025,-244.01269810275824,122.1088460020909,10.03,1.52,0
46.77006580406123,-195.46591780237554,115.98789616765396,10.45999999999999,1.52,0
72.90319203773254,79.07390077762466,164.80971184120847,10.04,1.52,0
-194.55700967656207,-188.4504353736986,357.7814668667975,15,1.52,0
-98.11210787041739,-54.380528914815045,191.46999871993205,11.609999999999966,1.52,0
-199.26697969140457,164.14710379171572,365.3205244302742,10.129999999999997,1.52,0
152.8067173285092,155.73666138363524,42.98511237564037,10.689999999999985,1.52,0
184.53919566153365,-140.14510108489299,105.52275500721021,12.81999999999994,1.52,0
-237.83701997178332,-16.554811818762687,171.51722226866855,11.979999999999958,1.52,0
-244.14415302585337,106.09524213966529,285.28138691734284,10.339999999999993,1.52,0
188.3687514090542,59.51418243244166,63.75008298340583,10.289999999999994,1.52,0
16.50734558438114,-25.713471698570743,380.9288494761763,10.749999999999984,1.52,0
-235.38854281231852,-30.886002918332224,500.9075013890658,11.089999999999977,1.52,0
73.66666299246674,-30.03734351892888,246.81748563669748,12.869999999999939,1.52,0
176.25752343299462,30.655835701990668,296.5664527972074,10.099999999999998,1.52,0
-192.43220230320765,88.65956568075296,128.51098343543424,13.27999999999993,1.52,0
236.43396834191412,187.3862925365744,493.2889321167604,11.39999999999997,1.52,0
-163.27441483893665,49.71436641832702,23.290084156053922,12.539999999999946,1.52,0
-21.6310993610914,-173.7190579395043,84.12453985500599,12.519999999999946,1.52,0
-235.0122674680964,186.82899257795862,478.9276257480001,12.179999999999954,1.52,0
190.38614552964168,-23.880879342073854,275.4417806924745,10.89999999999998,1.52,0
134.47615667225944,-106.6810318080893,204.5781211532676,10.359999999999992,1.52,0
-157.4454775940352,237.21439349413436,65.84801654647049,13.209999999999932,1.52,0
-28.214299526826835,240.94420143332616,148.89579866701092,12.599999999999945,1.52,0
-244.72762430873013,-65.75963519722245,248.89789743614688,11.269999999999973,1.52,0
214.14309397920363,103.59636578223342,287.87175540787837,10.849999999999982,1.52,0
170.30724549717695,243.72251202591144,391.1746176308044,10.44999999999999,1.52,0
244.406577224069,-217.88183461059032,77.36015691354874,11.589999999999966,1.52,0
177.92663179958515,214.9757854312768,111.48205666971853,11.449999999999969,1.52,0
184.63623601482493,104.32173936524669,441.52811926226263,14.379999999999907,1.52,0
175.20682698157634,-171.24297304695915,367.742693459562,12.159999999999954,1.52,0
-0.7685594787388936,-193.68603700717802,361.10930352703804,11.219999999999974,1.52,0
100.20785063769597,-31.0125327025753,96.89648105774995,11.769999999999962,1.52,0
-241.29039205181903,2.49532873769499,241.05010959840877,10.679999999999986,1.52,0
-84.36350533448899,-245.79430627017064,333.56683111520044,10.199999999999996,1.52,0
-25.20646690587614,60.07583845638669,328.8068411453547,14.529999999999903,1.52,0
-25.894392721541067,183.466449328458,75.12881783218972,10.47999999999999,1.52,0
7.017629996989626,-215.31855410618164,249.8576610618768,10.119999999999997,1.52,0
-170.01260462545986,219.25443974960058,27.805834466320448,10.689999999999985,1.52,0
-50.12326673299037,-145.4712877834047,325.1205413907925,12.679999999999943,1.52,0
-53.00519911688889,4.518692878299362,316.80404504729233,11.299999999999972,1.52,0
-67.91193909708079,-20.612570622785142,396.6493487151847,11.989999999999958,1.52,0
-109.25909769575946,-170.5508644344252,430.0295841436025,12.30999999999995,1.52,0
-142.16237845216813,-28.962238036796748,334.56682924115455,10.209999999999996,1.52,0
-138.7519367769803,-210.3197122449875,461.0196406340931,10.759999999999984,1.52,0
-76.68372096818757,-15.01672477365787,65.50958277708128,10,1.52,0
-181.6746799714249,-211.9749960384912,277.59757850221513,10.659999999999986,1.52,0
-245.36597724219928,224.2936599824925,332.2171829780824,10.629999999999987,1.52,0
235.15400730429815,-4.895805940989135,114.59421952317564,10.369999999999992,1.52,0
-20.0679161777756,-106.54746882884524,96.73761345524554,12.599999999999945,1.52,0
32.527337944992496,-241.88056221539148,95.54862798216573,13.869999999999918,1.52,0
-57.809610186836494,217.9347085862364,77.43741830461897,11.009999999999978,1.52,0
21.63029079922501,32.760936172432594,445.9717264898643,13.29999999999993,1.52,0
-75.34955610477573,167.2287323152982,206.3920857873078,11.829999999999961,1.52,0
-243.75820020792457,51.984904617024085,312.36828704135314,12.239999999999952,1.52,0
-244.76084822105736,65.99491397407917,232.41978867740875,11.229999999999974,1.52,0
-87.11497417013425,-22.376348663636577,304.2097608189305,10.639999999999986,1.52,0
-244.36687944898915,-162.13561600255662,248.74245247309955,11.629999999999965,1.52,0
-167.0117106848404,115.5015039443523,43.373687760143866,11.40999999999997,1.52,0
20.94222651745133,-32.35639930235243,133.8482454475993,10.409999999999991,1.52,0
-67.32438835061487,-25.398034279896137,113.45917263781291,11.059999999999977,1.52,0
-200.31493142178908,20.483702393452177,320.2909054301456,10.269999999999994,1.52,0
-194.70516725180119,89.52653594171557,81.6907107223841,13.599999999999923,1.52,0
-164.76903974747222,178.46249043984017,158.31443680720952,13.639999999999922,1.52,0
245.78818598959845,-174.42245614245837,293.23555009369795,10.209999999999996,1.52,0
4.475223754238641,-241.80454871727454,50.736426468767604,11.059999999999977,1.52,0
153.2193745807224,-146.85461270644828,339.586201613761,10.93999999999998,1.52,0
115.3778292812284,9.181556267859833,486.21257358444063,14.889999999999896,1.52,0
172.9808160649602,8.27757281949971,496.82786040736653,11.979999999999958,1.52,0
-45.843342195957916,45.94830959928356,448.1991190729077,10.699999999999985,1.52,0
132.94367850564606,240.95081251989075,189.8244259142292,14.609999999999902,1.52,0
-239.00017405662197,-232.0245218454038,180.15132750614896,12.059999999999956,1.52,0
-243.88604763558965,-146.6554715858805,207.63698374024727,11.499999999999968,1.52,0
-245.79446121600074,50.35993934306043,97.44083703727665,10.199999999999996,1.52,0
-62.43685273832125,-92.04276176467636,255.9991642957899,10.649999999999986,1.52,0
238.11405652441817,109.27030368630346,158.8963658498716,10.01,1.52,0
-166.16334422061232,229.51896441815757,484.36927319161464,10.199999999999996,1.52,0
-197.46850899652122,-96.57698666497174,373.1138249604048,11.42999999999997,1.52,0
-203.61855983641,-245.8317978528661,472.7355927186903,10.159999999999997,1.52,0
-85.63123549475188,-162.4422162671483,138.58613553962402,13.199999999999932,1.52,0
-178.52618748238217,151.84334651419363,467.1619884405434,10.259999999999994,1.52,0
-68.48319493718304,233.04279761858947,287.78669134129484,10.749999999999984,1.52,0
224.2853935681817,123.27839476114775,75.14418985458735,10.759999999999984,1.52,0
242.8620778348219,180.97458605006148,13.05780925374836,13.049999999999935,1.52,0
11.650109742130326,184.5615837496175,135.87500629293197,11.699999999999964,1.52,0
-242.345893585584,156.30626913972822,246.49332899953595,10.139999999999997,1.52,0
-243.00925453738807,-185.51300445088782,371.2276985325841,11.309999999999972,1.52,0
179.9273308257782,-238.71571696766273,276.41432843328846,11.789999999999962,1.52,0
-235.70648229845563,170.4058476397273,10.329092558542925,10.319999999999993,1.52,0
-2.768834250158193,-113.00020997280615,370.6332093956813,10.04,1.52,0
109.81916238161,106.9257181119865,461.32732515713565,12.919999999999938,1.52,0
77.9598679694418,-97.40242752180859,44.39062488746458,10.319999999999993,1.52,0
182.29644189097723,52.15577587234418,245.99348349221486,11.799999999999962,1.52,0
170.03742487113868,19.920398761036836,14.895651701427028,10.759999999999984,1.52,0
-29.53352335100726,-96.16192040154374,498.5933703436722,10.729999999999984,1.52,0
-188.89672662241833,115.58723776637476,425.59126581059536,11.579999999999966,1.52,0
211.27099447767057,145.3398673540131,428.59808141523683,10.089999999999998,1.52,0
62.02838910198409,237.41188568017208,96.09078067232883,13.879999999999917,1.52,0
-10.617435351999234,-7.777449031418882,37.725102529249966,10.629999999999987,1.52,0
50.69455654415083,92.57509811923853,51.56104632344818,10.719999999999985,1.52,0
27.02461036700379,24.503818489175273,497.1322005574484,13.149999999999933,1.52,0
-42.30491993314877,-241.03626847631267,214.00708166089748,10.529999999999989,1.52,0
-68.78365075403428,-104.1058191360346,104.62580161712208,10.819999999999983,1.52,0
-203.3401684819305,-65.14686030215216,217.16919938921694,10.89999999999998,1.52,0
-177.03779491898695,192.2966902567814,343.9820205299227,10.829999999999982,1.52,0
-17.52539650344022,-112.84289005956703,275.14652853690063,11.39999999999997,1.52,0
-159.0595166321392,192.70020598430142,401.403631346313,11.289999999999973,1.52,0
-54.17660902495379,-112.98298296072403,180.11746058269694,11.939999999999959,1.52,0
96.43778269344182,49.2171984417289,142.4186667411368,10.529999999999989,1.52,0
151.46374968819111,1.4457874055240154,210.8801962014851,10.219999999999995,1.52,0
240.73976608459338,187.02985988059902,184.94045868987803,10.729999999999984,1.52,0
237.78536340560333,-23.60641492279126,312.3684766232526,10.279999999999994,1.52,0
-36.87933308815661,73.54018089324302,171.72464670888098,11.919999999999959,1.52,0
2.2074889166450475,238.93408455311624,374.2786744372514,10.42999999999999,1.52,0
60.21260706675457,152.55048572099304,437.94613853511294,10.789999999999983,1.52,0
-215.64972047945503,-245.83064316452703,315.3740569563271,10.159999999999997,1.52,0
-162.98194904421462,-123.23357922848959,110.6754369047402,10.159999999999997,1.52,0
-81.09379427584952,-195.0093110672658,60.36311891994501,12.539999999999946,1.52,0
84.76188831263869,73.2846605228815,400.6645981231578,10.90999999999998,1.52,0
-228.3250650087632,-223.56655096891427,501.9858339123829,10.01,1.52,0
68.61922754635475,114.21297761020764,281.4353999828114,10.779999999999983,1.52,0
-52.82932514382014,41.23287275514838,498.24878122630923,10.559999999999988,1.52,0
-209.73120845719325,59.52173931647985,406.8566440467704,10.209999999999996,1.52,0
237.81378601764573,101.74948472741971,332.26519062192085,10.869999999999981,1.52,0
103.89661286220598,-243.52414362960815,140.46404742177367,10.309999999999993,1.52,0
194.8601603414853,-74.65307355031769,457.91921215459615,11.529999999999967,1.52,0
-21.714031351973745,-152.50416324799744,437.95554265520127,10.159999999999997,1.52,0
83.67593727894712,-164.2886902192796,23.037509807408128,10.059999999999999,1.52,0
244.7569454827708,57.406359059147576,343.92607429842906,11.239999999999974,1.52,0
141.99780182436587,229.6912412024949,444.7870431574213,11.279999999999973,1.52,0
-128.86886826262833,-123.09077086414936,254.6924444997769,10.529999999999989,1.52,0
198.35158831789693,33.24577534419143,372.1392692659251,12.30999999999995,1.52,0
17.28283097897065,76.68988142195815,81.46783596978855,10.339999999999993,1.52,0
244.21712705594757,-168.00935710703993,384.15729187550244,11.779999999999962,1.52,0
-243.84507493914646,-56.56135732878988,318.36132681927427,10.229999999999995,1.52,0
141.84312320543222,-137.40390200465026,398.689345121286,11.259999999999973,1.52,0
131.20748759895287,239.53002565101883,34.285348770922724,11.179999999999975,1.52,0
94.6195665049562,-185.84091280226255,137.45775053068326,10.049999999999999,1.52,0
104.15896462202807,10.454061037432325,61.80347818930272,13.76999999999992,1.52,0
73.4006818613858,-105.44762833910636,313.1309479226205,11.36999999999997,1.52,0
159.9056423330236,133.00854499969262,332.1481121480748,10.48999999999999,1.52,0
-164.0123086634742,-220.15358788583922,57.196357856533155,10.989999999999979,1.52,0
-2.511611754813771,-188.71882981817885,501.85648487595665,10.139999999999997,1.52,0
-65.70185721360144,81.70577645478397,110.31846638468858,10.92999999999998,1.52,0
-205.56050437626732,41.9705836793629,445.6270339679652,10.649999999999986,1.52,0
-159.76700387266703,-36.836475964696774,59.62532051754829,10.309999999999993,1.52,0
-177.7535173249462,-19.673786807956503,499.62339233763555,12.36999999999995,1.52,0
51.83305636313514,65.51479098707443,368.1752017114359,10.94999999999998,1.52,0
198.43643365830656,-41.51933459570262,13.219394346737204,11.179999999999975,1.52,0
-84.27550968292189,-243.79973448087253,390.62997831923917,12.199999999999953,1.52,0
-51.760873707203245,125.15563336346975,16.47655122158062,10.349999999999993,1.52,0
28.36857746255305,191.3797607088377,501.33359794801015,10.659999999999986,1.52,0
146.7978035671606,-145.19534378240155,128.52946430757174,10.519999999999989,1.52,0
103.7227399598396,-206.20156507288152,481.47316635256186,10.759999999999984,1.52,0
-120.20389011662974,-53.29808437496183,69.8000498658729,11.38999999999997,1.52,0
235.14548007687858,-245.85229536404097,264.89913676966626,10.139999999999997,1.52,0
113.48093007488706,-112.53799636065992,248.62582477069145,10.50999999999999,1.52,0
48.43177568534361,-243.70062295446075,442.3786170791576,12.289999999999951,1.52,0
88.96751573988092,-244.50424634410115,355.0898495460551,10.659999999999986,1.52,0
-141.53483310095726,-101.89318117158427,156.96327073622092,14.499999999999904,1.52,0
-155.39512239436692,-237.8316331859919,11.239394849488122,11.229999999999974,1.52,0
-78.70277467603785,51.59253417666878,262.6359410852501,13.619999999999923,1.52,0
-146.5486540692783,-101.66854311157022,368.5768289214493,11.38999999999997,1.52,0
245.0064500268361,-149.18583244995568,215.05377090376908,10.989999999999979,1.52,0
23.4243615944024,-114.76867988129607,498.08881858079417,10.43999999999999,1.52,0
73.0088391821455,219.03753981824832,498.8454400095957,10.999999999999979,1.52,0
-245.02903762493509,95.52256249819959,163.85693247925394,10.96999999999998,1.52,0
-243.23725162498408,190.49003381076398,294.88118223822255,10.95999999999998,1.52,0
-83.0991288688009,70.49583096774722,403.4030296800926,11.209999999999974,1.52,0
2.166104562622877,-45.805827754790585,421.5689837385148,11.039999999999978,1.52,0
245.57397370013132,-2.2011256626885825,449.5547725935129,10.419999999999991,1.52,0
-12.743551718983213,238.06827194072287,456.8677622743264,12.429999999999948,1.52,0
245.5201251189502,-199.30128769724524,12.458610684831342,10.46999999999999,1.52,0
46.77704460035636,239.33193275951146,201.4354869113472,10.95999999999998,1.52,0
-134.62734486084878,239.6669079541158,214.97678375947294,13.549999999999924,1.52,0
222.86782216366737,-88.02329421446245,18.206281073541618,13.159999999999933,1.52,0
34.081469921488974,-25.05476256319423,501.34497663265574,10.139999999999997,1.52,0
-237.65655245172525,198.4333278288965,103.38713685933124,10.129999999999997,1.52,0
196.64389144314555,-115.30433236057729,324.26117090355797,10.94999999999998,1.52,0
22.414729439960297,100.89406859697408,500.2254494089939,11.769999999999962,1.52,0
184.63671275857166,147.61736520955878,460.7033662241556,10.619999999999987,1.52,0
180.18732814055284,76.01437040729638,21.283536600270736,10.549999999999988,1.52,0
186.14578747865585,-224.68737908990454,135.05777388592332,10.649999999999986,1.52,0
-65.57727684298243,-159.57561884370796,376.61815340759483,10.47999999999999,1.52,0
193.79629436413802,-172.70820818911932,328.6637833306154,11.129999999999976,1.52,0
-89.1096354813833,89.78155615126991,307.61104735332015,10.93999999999998,1.52,0
-241.78316118557302,-146.02080709812208,104.82122935314544,10.659999999999986,1.52,0
92.36162240065255,-231.42425989869344,54.41288598202016,11.199999999999974,1.52,0
244.53129865120275,-7.241780866742147,208.3606524573628,10.529999999999989,1.52,0
162.95615540935455,69.46096877639025,461.96371966041863,11.43999999999997,1.52,0
-86.20822296130336,61.04598245403997,12.798937803704462,11.259999999999973,1.52,0
155.33766595100974,243.12702950661946,82.73950896205577,10.149999999999997,1.52,0
-42.12002091629529,44.8524006346164,123.9917453259394,10.92999999999998,1.52,0
-112.75984464160604,-70.88993366790419,456.1313474182158,11.509999999999968,1.52,0
168.84102737556555,-81.26449424920202,500.0878584971532,10.289999999999994,1.52,0
-102.69422042522558,-82.96880250823438,273.4660383755969,10.359999999999992,1.52,0
-0.4441797625607933,138.58646888742612,375.93347203273515,10.579999999999988,1.52,0
-46.5893756745927,198.09875265149003,380.50330876560906,10.239999999999995,1.52,0
-238.43955790526718,-26.787058707950564,387.95475665382935,10.069999999999999,1.52,0
88.41496679393083,243.42748635504324,259.71367367436017,10.219999999999995,1.52,0
-194.49322628183495,-171.95319591744317,496.3832886109218,10.359999999999992,1.52,0
189.79919452999195,50.680346291834894,495.35374071843773,10.609999999999987,1.52,0
-81.8283683946031,153.8798780324572,499.60555318804404,10.609999999999987,1.52,0
202.1893814667269,160.29481180354946,346.7020016650216,11.049999999999978,1.52,0
-18.413105536130956,-243.01981089217304,447.4681203493184,11.209999999999974,1.52,0
76.50714863044016,-91.97267192801985,162.79477814429345,12.269999999999952,1.52,0
-5.701291904031223,66.82300591773412,432.3221446035543,12.449999999999948,1.52,0
112.33024261921094,-245.5544381598785,320.3024971984995,10.43999999999999,1.52,0
120.95879700996,94.08959809144869,10.741826578230985,10.739999999999984,1.52,0
-52.42407699303044,-242.78437918859413,301.9454931422184,10.43999999999999,1.52,0
-245.06654279544603,33.77838236068419,182.56804248332253,10.199999999999996,1.52,0
-236.5676120615609,151.18777246109084,435.4214543353428,11.609999999999966,1.52,0
100.04376061213213,92.36795208646788,316.91671809540185,10.049999999999999,1.52,0
27.305667654715876,-0.8958360008468844,269.2696200688906,11.119999999999976,1.52,0
190.02314753825522,-243.93262010134902,443.45227162901233,10.109999999999998,1.52,0
-32.9552458580622,123.04409656393705,56.20183136466494,11.689999999999964,1.52,0
-176.77530626997896,-14.488168155596213,320.0399778713007,10.02,1.52,0
198.06052345280523,-240.07007167463678,500.38758057480516,10.169999999999996,1.52,0
-100.96680192873669,26.852509682572986,73.26067454378517,11.679999999999964,1.52,0
201.33338599872957,-124.551909297203,44.038250706393455,10.03,1.52,0
-148.63387976956415,-183.4409216216851,498.7819157962796,10.079999999999998,1.52,0
209.06853750725077,-243.00874763883814,221.22409067581225,12.989999999999936,1.52,0
-200.3750029249378,115.13901763774993,311.3184342297309,10.579999999999988,1.52,0
134.83403747245313,-29.622504553098338,419.60598077564475,11.059999999999977,1.52,0
23.178764672389775,-208.6120911644482,438.5073412433035,11.109999999999976,1.52,0
244.0257651881592,245.6714881633469,45.162053646524896,10.319999999999993,1.52,0
19.743935633279193,85.15275758257349,316.48051391648255,11.519999999999968,1.52,0
-162.17418178224762,99.16643584474514,293.5153841351207,10.339999999999993,1.52,0
45.448008035789826,-176.44901359157825,316.68482569621847,10.309999999999993,1.52,0
132.2221459824367,-122.54251973138207,15.093171877134296,10.139999999999997,1.52,0
-74.14594853152562,-22.218001814930403,204.26405528986106,10.169999999999996,1.52,0
236.79153187534178,34.788160882318834,138.12415362745185,10.94999999999998,1.52,0
-71.4604806521877,-243.8187731734978,33.34749102445198,11.819999999999961,1.52,0
-190.99016863520626,-221.5722927790191,417.3594897034568,11.549999999999967,1.52,0
144.87365816822512,-55.509908764821375,193.3155395922763,12.139999999999954,1.52,0
-101.43150322632732,155.69722329411866,291.38843181730135,10.239999999999995,1.52,0
-31.59973415943898,91.87463892507219,254.4051291788719,11.669999999999964,1.52,0
237.9807453898121,75.22415832458364,80.15511976442667,10.979999999999979,1.52,0
171.2330679432622,-166.44995812743275,12.48504624316297,10.779999999999983,1.52,0
-102.9145358417826,206.5675398609734,363.24677237643743,10.04,1.52,0
-190.12780156781992,-124.3853840356843,461.0979327389141,10.729999999999984,1.52,0
20.100502963695703,177.5632225989284,317.8706541467186,10.409999999999991,1.52,0
-194.27066903334958,186.14369853578364,449.16510852658234,10.659999999999986,1.52,0
-136.82567260315705,245.90502103107553,454.9678426068464,10.089999999999998,1.52,0
169.4919677022192,170.65145707242095,303.5748648979345,11.629999999999965,1.52,0
104.13302879537946,1.7759585492766519,124.94897712321745,10.45999999999999,1.52,0
-223.39452521728413,242.86115590999225,183.3996397414362,11.169999999999975,1.52,0
-240.1681082100854,46.371801562841256,10.014134828391207,10.01,1.52,0
176.35069055198858,-181.88792527775286,173.73771190332195,10.769999999999984,1.52,0
130.38436375991557,-206.5321470930861,178.23947157348277,10.04,1.52,0
103.15511053242767,206.03601202092193,252.4613749202199,10.619999999999987,1.52,0
70.36639730230979,35.187732569144146,392.97271508953804,10.47999999999999,1.52,0
-26.27376984354521,-245.2620410256327,384.192609692097,10.589999999999987,1.52,0
36.01399464219435,-156.3456553130336,501.69179369028393,10.299999999999994,1.52,0
-156.96543275959016,-59.17955264685702,415.176673050839,10.03,1.52,0
175.12472339701037,-172.66946096606455,499.57257269001593,11.049999999999978,1.52,0
-6.510123247999559,-100.28963073572004,138.8891267977283,10.659999999999986,1.52,0
-130.9508055790825,31.784987254462294,181.6234082408671,10.829999999999982,1.52,0
13.346029136669586,-145.39403731293044,139.189999693843,10.119999999999997,1.52,0
-245.45888095595228,-114.12487309810808,404.0606407398793,10.539999999999988,1.52,0
-159.71363406427486,-245.4686642493093,204.6111648515997,10.419999999999991,1.52,0
-184.37416526900904,60.44221326784907,349.4018600840931,12.009999999999957,1.52,0
46.335674862150654,94.30739030182929,233.33357540425368,11.599999999999966,1.52,0
-198.74312715052042,175.86038477371812,498.82532934006963,10.609999999999987,1.52,0
-56.76019648430179,-141.6090474360849,238.4051622443743,10,1.52,0
20.771828814284163,-238.11344702458996,11.187654267958692,10.889999999999981,1.52,0
239.55087175560504,-98.70119308863264,358.6586328043451,10.259999999999994,1.52,0
-6.992499716751809,126.86757090581364,253.96147086148972,11.089999999999977,1.52,0
101.500761748939,-86.42282571800763,288.79122696519266,10.389999999999992,1.52,0
-100.23758644406439,133.3552999345692,207.2281438872194,10.059999999999999,1.52,0
86.18909399876077,243.29532683960178,391.28622844205245,10.419999999999991,1.52,0
203.41470717341895,245.09616014451535,360.0735881777912,10.89999999999998,1.52,0
62.70825877464358,192.79989391468712,427.2880655752165,10.679999999999986,1.52,0
39.90334265480749,-208.52376281355862,191.72551621849732,10.679999999999986,1.52,0
245.86799873508733,240.60003208385194,497.53814563827405,10.129999999999997,1.52,0
116.54149900929895,-144.2795643019432,223.23644304973243,10.249999999999995,1.52,0
-245.52996125899983,128.54669222794007,343.11532186664556,10.109999999999998,1.52,0
242.07489168292773,30.643849819081765,224.0958877424805,10.559999999999988,1.52,0
245.454604130049,-102.33977207915336,296.57459310385923,10.539999999999988,1.52,0
-156.24787111357614,142.60869546278025,371.16402035314786,10.159999999999997,1.52,0
-37.140272131796564,207.12974560037662,290.64307300422433,10.01,1.52,0
172.54084107342487,39.55666173639065,205.87079702055166,10.789999999999983,1.52,0
-27.43960183259435,-29.143385168584587,371.33207571564094,10.829999999999982,1.52,0
-18.922985412363346,10.222101837430273,501.4037497401066,10.159999999999997,1.52,0
-84.22664663437376,245.23577167680423,241.9099024617492,10.289999999999994,1.52,0
202.32344828974738,-143.38774205580114,397.61542407568857,10.799999999999983,1.52,0
180.8008823397264,-65.88559841016217,124.85429263602487,10.399999999999991,1.52,0
13.327414756904659,-243.10520441154108,362.0147833477388,10.869999999999981,1.52,0
-110.72765802990568,-15.707631269391072,129.6810570513078,10.02,1.52,0
7.0734383431620245,-156.48408631054986,54.84855107187241,10.569999999999988,1.52,0
43.63631687298937,-37.712571743560375,343.22957310886113,10.249999999999995,1.52,0
-18.1099076985422,-210.1057658418498,110.14699341493679,10.309999999999993,1.52,0
-245.16342927810103,-92.69520104645426,56.24037380793732,10.049999999999999,1.52,0
241.92547870731596,-31.254549334973944,358.8272927287152,10.50999999999999,1.52,0
58.562137630220604,-75.69378539612,215.15061496560088,10.299999999999994,1.52,0
145.60575078268027,104.16216620298746,202.01636358670135,10.559999999999988,1.52,0
238.16296171992576,-24.246433607760423,66.03177784475008,10.589999999999987,1.52,0
-237.74139253240332,-241.91195164362932,79.05311052182651,10.369999999999992,1.52,0
-150.32590692052838,-71.59918381942248,12.669643089669535,11.43999999999997,1.52,0
-0.004609159621850267,-68.19514921980544,322.22647166671845,10.089999999999998,1.52,0
245.2494256016072,-245.43146982073824,10.721495281026932,10.559999999999988,1.52,0
-148.09913909687668,95.16820969013702,426.3269842410192,10.369999999999992,1.52,0
-73.56343706038479,122.67997963751907,392.3856282995821,10.409999999999991,1.52,0
244.69146349505365,-165.69372364998515,65.90795696891166,10.179999999999996,1.52,0
123.76100178390334,-43.530248254483126,337.2267149092198,10.879999999999981,1.52,0
204.4121370757191,-78.5484471843913,359.0677521284664,10.239999999999995,1.52,0
-164.31716150965883,-73.79120081530368,130.11292833422226,10.549999999999988,1.52,0
178.76085043931857,137.43149258358812,224.60018482293765,10.079999999999998,1.52,0
-152.32007741543646,57.04817178357234,466.7171797852162,10.529999999999989,1.52,0
-61.663055660737086,165.6889894226564,82.51157252695259,10.129999999999997,1.52,0
-111.22566426294964,170.4440049370097,339.204785527373,11.139999999999976,1.52,0
172.13975162130328,108.66579718344587,296.11950404534696,10.409999999999991,1.52,0
-45.24520347734153,-78.52111764461972,441.76830607617023,10.249999999999995,1.52,0
-245.7379386309334,-17.64973551082801,282.558593580589,10.259999999999994,1.52,0
207.01334298206962,210.6868044990266,143.79744176593442,10.92999999999998,1.52,0
198.31983632234676,12.161556924120305,116.89223463680355,10.279999999999994,1.52,0
107.57354955790026,-136.7124304117857,47.03262946923144,10.789999999999983,1.52,0
4.729214813213048,74.8652379705486,155.04970805891776,10.329999999999993,1.52,0
45.23121882425289,-93.6833191257208,454.7851650286026,10.90999999999998,1.52,0
11.953222831603739,242.9397512393283,10.816099208489504,10.229999999999995,1.52,0
-245.82261138309389,-161.9802064622961,290.8975056174977,10,1.52,0
-167.01055689525504,16.131834236506393,240.02025519007395,10.89999999999998,1.52,0
-139.7461605991706,-187.53141247554913,277.7824447151952,12.099999999999955,1.52,0
-193.435332922459,-214.5706035504062,193.2754772584534,10.04,1.52,0
-166.63506645791335,137.61870739337883,175.2512053864359,10.609999999999987,1.52,0
161.00864908376002,243.66006503140602,479.8495346846155,10.979999999999979,1.52,0
67.02351845611656,59.66719380599602,330.4852050322843,10.089999999999998,1.52,0
145.0685172561499,-245.4467768894616,501.0471933563008,10.549999999999988,1.52,0
-133.12899473153846,-34.08909356872732,203.55958327317853,10.379999999999992,1.52,0
196.4332812934615,187.47572775026015,265.6320026772296,10.099999999999998,1.52,0
-130.46663837638914,-245.9764749928155,169.32766328627918,10.02,1.52,0
-18.03055898165769,245.78339969159936,63.75086668963843,10.209999999999996,1.52,0
61.996776277524646,-200.66014687099823,370.4019309050882,10.699999999999985,1.52,0
-245.93720316181646,-142.16073873900075,370.04385492848314,10.059999999999999,1.52,0
-60.79268124661803,227.5424237895079,500.9341683762524,10.559999999999988,1.52,0
92.83009286421452,128.61547039717982,245.2377368760018,10.109999999999998,1.52,0
-107.92508127433825,-195.33742120656234,93.81698482286197,10.339999999999993,1.52,0
-11.255966931870148,201.67104384964478,330.1538228030829,10.999999999999979,1.52,0
245.63743329617876,-135.55214227284716,134.8939098649156,10.359999999999992,1.52,0
-166.18335086237778,7.77647738387634,413.1679920239368,10.079999999999998,1.52,0
-228.14597925797398,-86.01786889158825,13.030296224325184,10.369999999999992,1.52,0
144.59110244617273,61.050953950827875,366.0723194519744,10.01,1.52,0
-245.3202830772384,38.892230471038374,437.22835081096036,10.099999999999998,1.52,0
3.9351888234701846,-179.87969703136707,463.0694733712776,10.159999999999997,1.52,0
-16.879670235503454,51.2807195566088,12.356622697183525,10.04,1.52,0
187.40193127676923,-175.19099869759623,458.64032376320347,10.219999999999995,1.52,0
-153.23556087428176,27.82607699307289,99.7716406388198,10.049999999999999,1.52,0
76.2490501035112,163.80522746177792,497.6006811150936,10.099999999999998,1.52,0
-244.89203997940888,199.46273147205034,369.4478374866701,10.879999999999981,1.52,0
-12.959518529110369,-144.12998242489664,213.4874355385025,10.01,1.52,0
-212.29241206157099,-85.3385591640282,175.47736148816443,10.839999999999982,1.52,0
-193.7872556203224,-57.60186777304875,440.7331315168685,10,1.52,0
-245.41003295959933,245.22592942130404,496.1154803874399,10.189999999999996,1.52,0
179.5760597126672,191.618545473734,409.1473871658619,10.269999999999994,1.52,0
-132.73823397798617,-179.11482400918499,345.7042183494667,10.519999999999989,1.52,0
-245.47585187500442,245.0259105966718,107.45433294225234,10.46999999999999,1.52,0
244.2201391226015,224.38496112334258,122.91804298099532,10.48999999999999,1.52,0
113.25490931340391,169.46034269281654,327.03886785964994,11.089999999999977,1.52,0
-208.70246395368827,192.71062751724412,183.01725304004094,10.239999999999995,1.52,0
239.67166328847452,-244.80078766339886,500.8612690295628,11.129999999999976,1.52,0
-68.39437664374839,133.9634604936166,232.9648998501716,10.279999999999994,1.52,0
109.36241897035916,196.84867341530423,62.42543314826662,10.079999999999998,1.52,0
72.518060200415,38.879303674082166,175.3517686425464,10.03,1.52,0
-194.76734454964662,78.35850486323795,501.41731334205053,10.579999999999988,1.52,0
-245.3979231423399,244.78716357978658,420.66004502570615,10.329999999999993,1.52,0
114.88848958844187,85.40072248737613,498.66686501320055,10.389999999999992,1.52,0
-245.81069047854567,170.91305772647183,136.46091183130716,10.179999999999996,1.52,0
108.52626031401928,-122.22771876745992,501.11578707320666,10.359999999999992,1.52,0
156.92900633190584,-47.80770726878745,10.363014996345669,10.349999999999993,1.52,0
181.91189033334433,152.47098849858946,10.614079362134248,10.299999999999994,1.52,0
-3.7310830797468952,135.63477829817407,501.9902513154882,10,1.52,0
143.43272067353246,122.9161164311464,135.21394189586522,10.04,1.52,0
-27.12770373027422,95.62541909137951,109.48656726024626,10.079999999999998,1.52,0
245.11481980752296,-186.66320698401478,169.30649102011148,10.01,1.52,0
86.3736410488749,-23.38187326916193,372.1600583688081,10.109999999999998,1.52,0
-66.7103609381943,144.67731784423495,118.83182849881507,10.689999999999985,1.52,0
-245.35988063791217,-217.11314499823675,315.320589908781,10.239999999999995,1.52,0
17.791903165987037,245.05940169934752,95.38637490900453,10.03,1.52,0
